2539 8823
2 14277
2 4569
1 25120
1 833
3 20879
2 15360
3 31228
2 29826
2 9574
3 1479
1 11500
2 2839
3 18471
2 19442
3 26301
3 583
2 18483
2 20710
2 17923
2 32310
2 1007
2 18219
2 31380
2 24179
3 4162
2 27632
2 13323
2 8299
1 12058
2 12679
3 8263
1 20979
2 21992
1 31204
2 31209
2 5059
2 17439
3 24866
1 9945
1 11253
1 10680
1 6143
1 26305
2 10378
2 23985
1 20059
1 4496
2 4581
3 9353
1 11709
3 26105
2 11598
1 1734
1 25550
2 26610
1 20337
1 14192
3 15580
1 20278
3 16092
3 2707
3 20056
1 1475
3 9860
2 31681
2 12632
1 13916
2 6209
3 17549
1 19734
2 27400
3 8013
1 785
3 12655
1 15249
1 25289
2 28777
3 357
2 3078
2 22584
3 10037
2 28061
2 23353
1 1538
3 31260
1 16097
2 8514
1 22003
3 23108
1 28832
1 15867
3 30649
1 19930
2 23401
1 30593
3 21353
1 30352
2 28532
3 2233
1 3067
3 10266
1 32537
3 16329
2 4553
2 3760
2 6487
3 11419
3 17684
2 25999
2 29774
3 24414
2 10367
1 15736
2 26565
3 14084
2 9106
3 21295
3 30629
2 16324
2 21817
3 30206
2 28284
1 8602
2 30274
3 32303
3 2043
2 7874
3 19426
1 21397
2 11128
2 8769
3 10801
1 1028
3 13933
3 24156
3 1705
1 27093
3 22263
3 31519
1 6827
1 25187
3 30296
2 21719
3 5627
1 5265
3 13173
1 19097
3 24895
1 18241
2 27993
1 7353
2 28803
1 18398
2 23984
1 23379
2 9656
3 24787
2 17229
2 25797
2 17200
3 24593
1 7332
3 29747
2 28196
1 11662
3 29265
3 16386
2 16686
1 29120
1 12687
1 10333
1 28367
2 19494
1 5826
3 30132
2 29674
1 6592
2 10222
3 10040
3 23111
1 19345
3 16189
2 20832
3 2834
2 19748
3 9597
3 3174
2 12634
2 31493
2 15519
2 29387
2 11410
1 10563
1 14905
1 12239
3 4882
2 14837
1 29189
3 7674
2 17559
1 17330
1 12384
3 30102
2 3263
3 18455
1 9420
3 2866
2 21902
3 31301
1 23663
2 7713
3 27116
1 5472
2 19601
1 14073
1 18469
1 17169
3 27938
2 5652
2 1128
3 4613
1 25393
3 12818
3 15176
2 31852
3 15222
2 18005
3 5181
3 32379
3 13513
1 29060
3 21540
2 15594
2 6825
1 25609
2 32699
1 15222
3 12215
1 7827
2 3622
1 9056
1 10296
1 16532
2 11118
3 6637
3 13462
1 26308
1 2812
3 9956
3 7135
3 6556
3 18978
3 11027
1 26180
2 19420
2 25234
1 26314
3 6043
1 26886
1 11493
2 4190
3 31198
2 29664
3 29461
1 31400
2 30634
1 13558
3 4868
3 19332
2 1729
3 30998
3 12531
1 16978
1 8841
3 24530
3 31243
1 3704
2 22155
3 14849
3 30424
3 13789
2 22772
1 30782
3 28104
3 2928
3 13591
1 10600
3 21937
2 13727
1 1513
3 2337
3 22600
3 17632
1 16515
2 7759
3 25771
1 23084
1 3748
2 27037
1 20952
3 23935
2 14636
3 9211
3 4404
2 17498
3 8866
1 3354
1 28933
3 26689
3 20912
2 18929
2 28407
2 27965
3 2978
3 21307
2 6811
3 14426
3 32490
2 29686
2 2019
2 30250
2 32158
2 22502
2 20904
1 12609
1 18424
2 10768
3 11301
2 30903
2 26326
3 17215
1 1913
1 5801
3 5688
1 26754
2 16936
1 22200
3 16324
1 6572
3 27547
1 23688
1 1349
2 28627
3 5787
2 2627
1 23336
2 3026
2 15322
1 30483
1 13053
2 5319
2 11370
1 30124
3 13820
2 18069
2 5188
1 10943
1 3966
2 4195
3 3267
1 13192
2 18304
1 17179
2 16166
2 23617
1 11555
2 20460
2 5906
1 26285
2 20782
3 5833
1 1293
2 24718
1 4235
2 17639
3 20740
3 2607
3 11974
1 17219
3 31941
1 19675
3 145
2 13594
1 13958
2 16739
3 9794
1 1647
1 23389
3 18076
3 22100
3 2696
2 2501
1 10207
2 14306
2 10865
1 17440
2 21384
3 19759
1 9080
1 9007
2 8567
1 28193
1 21935
3 6299
3 10642
1 21184
1 8814
1 16752
3 10817
3 11708
3 23246
1 18589
2 32496
1 22245
1 15919
2 22901
2 9873
2 1457
1 2226
2 8753
1 23063
2 7097
2 4544
1 26220
3 13052
3 32572
2 31362
2 8613
2 25020
3 1435
3 27750
2 14785
3 29784
1 28123
1 26528
3 16774
2 11476
2 27431
3 8615
1 19233
1 26553
1 16203
2 29620
2 19105
3 4756
2 25913
2 22854
2 2169
1 12917
3 19336
1 32417
2 9218
3 31345
1 7920
1 24394
2 9719
2 29216
1 9423
1 29836
3 8951
2 11295
2 9639
1 29687
1 28167
3 3215
2 26526
2 7643
3 23309
2 8085
2 14589
2 7122
2 4438
2 32728
3 2737
1 28467
3 28177
2 19718
3 6861
1 28576
3 30417
1 12879
1 12039
2 22905
1 23567
1 31976
1 24374
1 27750
2 2982
3 17034
3 28634
2 6609
3 21333
2 6128
2 15508
3 17257
3 4929
3 22365
2 12969
2 2465
2 112
1 30484
2 23427
1 10799
1 30543
3 28637
3 30513
2 28301
1 24109
3 13190
2 9954
1 10875
3 6077
3 13152
1 10094
1 19068
3 1432
2 30398
2 7117
1 29268
3 6841
1 16762
3 26525
2 11152
2 32256
1 19056
3 6561
1 9214
1 15535
2 513
3 26172
2 31793
3 3312
1 26768
2 12794
3 9726
2 8268
3 29960
3 11272
2 21250
2 1589
1 2901
2 30903
1 29465
2 7806
2 743
3 27645
1 17128
1 7134
3 15666
3 21492
1 27221
1 5745
3 19504
1 21337
3 11018
2 11830
1 10462
2 19470
3 7925
3 15762
1 31162
3 22936
2 1739
1 7115
1 26956
1 23457
3 10368
1 28558
3 3226
1 4216
2 15824
1 4458
2 22962
2 16268
2 29370
1 32339
1 11812
2 29685
1 29695
1 23072
3 25989
1 18155
2 3496
1 525
3 32749
2 14924
2 22909
1 12089
2 22650
2 8987
1 32143
1 10537
3 27595
1 9212
3 31407
2 2115
1 11909
1 14265
1 2804
2 2132
2 29650
2 19391
1 4153
2 27403
3 25565
2 27298
2 4764
1 27260
2 599
1 30357
1 20225
1 15262
2 17653
3 29682
2 21901
2 8397
1 14832
3 25528
1 14379
3 3144
1 16004
2 11784
3 18698
2 21172
1 17777
2 7336
2 26909
3 28055
3 11645
3 25984
3 26266
2 19934
1 10224
1 17696
2 27516
2 15960
2 12054
1 10551
1 31745
2 22073
1 3265
1 27421
3 1324
2 31640
1 28868
1 6730
3 31556
1 30193
2 6009
2 22237
2 2131
1 4260
3 60
3 15382
2 19112
1 19827
1 13294
3 23260
1 9046
1 9992
1 7027
3 17464
3 5299
2 25453
1 26164
2 9176
3 12505
3 30354
2 158
2 27277
2 6184
2 29899
3 6817
2 2253
1 1986
1 5455
1 15921
3 14642
2 30734
1 17594
3 30152
3 23289
2 19254
1 18315
1 739
1 23684
1 2985
3 27815
1 9345
1 13785
2 15001
1 20437
2 28071
1 29472
1 11902
2 11328
2 11230
1 20265
1 401
3 16120
1 23987
2 24035
3 4178
1 14704
1 14647
2 18150
3 2050
1 17409
1 17021
1 4074
1 1322
1 4198
2 29214
2 30542
3 16914
2 31807
1 27576
2 24210
3 21835
1 17295
3 17514
2 17629
1 38
2 17213
3 22874
1 20857
2 3387
1 19350
2 13871
1 28241
2 16099
1 714
1 2967
1 29306
3 19901
3 22378
1 13763
3 23719
1 30509
3 753
2 21222
1 7603
1 7128
1 7224
2 27066
2 29467
1 28201
2 14847
3 8187
2 20865
3 12496
3 9579
2 233
1 24362
1 1342
1 7299
1 21450
2 32385
2 18986
2 9394
2 614
2 26771
3 2575
1 27976
3 3978
3 22416
1 31147
3 16889
1 7558
3 16720
3 1665
2 3420
3 1198
2 8652
3 30040
1 27501
3 31196
1 21920
1 4282
2 19468
2 17644
1 1168
1 26487
3 9595
1 1855
2 7168
3 6943
2 14052
2 4665
1 22906
3 16011
1 23249
1 19908
1 25900
1 17493
3 27058
3 11978
2 31847
2 32091
3 11355
2 15806
1 11298
1 10048
3 24195
3 11540
1 7028
2 2795
2 16711
2 32709
1 26142
2 11014
1 15780
2 16332
3 1791
3 640
1 5888
3 17579
1 21149
1 21259
2 11682
1 2535
2 419
2 927
3 20789
3 5511
3 19294
2 3829
2 9033
1 28313
2 4158
2 525
3 2514
1 9133
2 5211
1 2729
2 12711
3 24921
2 18926
2 5584
3 8452
3 6323
3 11219
1 32332
2 23049
2 13786
1 10254
1 19243
1 3385
1 26221
2 6723
1 32322
2 23548
2 28690
1 22076
3 29349
3 11037
3 5873
3 16999
1 19248
1 1356
1 5174
2 598
2 28930
3 3485
1 7315
1 12605
2 8701
2 519
1 30395
1 11383
2 3911
1 19942
2 8680
3 28161
1 3019
2 11386
3 3158
2 30462
1 19129
2 23398
3 22982
3 18993
3 11778
2 23858
2 14844
1 30342
3 9437
2 19401
2 20289
3 12681
1 6725
3 15099
3 9441
3 493
2 29561
3 11004
2 13742
1 31239
2 7802
3 2788
3 636
2 593
1 12432
3 19245
3 14499
2 13288
1 5318
3 56
2 26752
3 17165
1 19049
1 5320
1 19444
2 31143
2 13197
2 3204
3 7396
2 16832
3 29576
2 22138
3 31671
2 16388
1 23925
1 12183
3 26075
2 32325
1 29362
2 5424
1 15424
3 9722
3 29026
1 18300
3 23003
3 19131
2 29420
2 23575
3 14885
2 17606
3 6778
2 24705
1 12185
3 7037
3 21371
1 3229
1 10809
3 32742
1 8226
1 1331
2 3594
1 22314
1 30692
3 11886
3 6548
2 21782
1 13822
1 3679
1 23651
1 9885
3 6125
3 16248
2 15752
3 11348
2 19444
3 29457
1 4632
3 17653
2 3994
2 998
2 17324
1 10205
1 24105
3 6295
1 1760
2 20366
1 12080
2 22055
2 8661
2 29741
1 17665
2 8830
3 17070
1 5636
1 2867
1 30439
2 26134
1 6145
3 1314
2 17043
3 19897
1 27190
2 19563
2 23828
3 1735
1 17495
3 8048
3 2274
1 116
1 28735
3 32730
1 1497
1 12922
1 9324
2 24850
1 13241
2 21397
2 28286
1 26310
3 17573
3 8198
3 11708
3 13162
3 32677
2 12305
2 7567
1 18101
3 4901
2 24191
2 28676
1 27680
2 30579
3 16157
2 30798
1 14698
2 24900
3 9531
3 25923
3 7447
1 17455
3 14894
2 3034
3 31980
3 25905
1 9166
2 16819
2 25717
2 32040
2 15097
2 18319
1 17279
2 27480
1 21006
1 17363
2 15518
1 30697
3 2930
3 19722
2 936
1 9830
3 16399
3 1120
3 19512
1 6207
1 30160
2 16423
2 18476
3 32585
2 26150
2 18006
1 13864
1 8249
2 5254
3 5893
1 17
2 25900
1 29929
1 18163
2 27026
3 34
1 8778
2 27136
1 20122
2 7550
3 9516
3 3507
2 29148
3 9864
1 18961
2 17333
2 23374
2 5100
1 2052
3 15443
2 18091
3 20536
1 30480
1 28929
2 8689
1 10849
1 22215
2 24274
2 7139
1 22591
2 9404
1 20736
3 17032
3 2316
1 17161
2 15210
2 12714
2 2025
3 11978
1 9489
1 20824
1 28249
1 18080
1 8859
2 9316
2 26308
3 8495
3 24784
3 9958
1 32502
3 29600
1 16159
2 15543
1 2717
1 2080
3 31258
1 12279
2 5582
3 17502
2 26102
3 16264
2 26497
1 16401
2 14604
2 15761
1 5136
1 27504
1 26202
2 15868
2 8124
2 17848
1 2051
2 21751
1 12584
2 9130
3 22987
3 25975
3 21468
2 1547
1 17308
1 32688
3 19140
1 34
2 29699
3 20382
1 29358
1 11837
3 2740
2 7040
1 13520
1 15404
1 21250
2 21080
3 2367
1 31684
3 3688
3 10860
2 2425
2 2909
1 20227
3 20424
1 4828
2 3157
3 25108
1 8889
3 31020
3 27019
1 19075
2 1619
3 18705
1 11749
3 19287
2 16109
1 6806
2 27338
1 576
2 24736
1 29612
2 11944
2 4621
1 19915
3 15013
2 2928
1 23862
2 17810
1 14522
3 11541
2 20563
2 602
1 11397
2 17
2 15523
3 26702
3 27783
3 26591
3 17030
2 17374
1 6564
1 1410
1 19459
1 6202
1 24994
3 3581
2 5956
3 32219
2 20909
2 12505
3 20756
2 4347
1 14550
3 3746
2 16232
3 28696
2 6799
3 16234
1 31699
2 19062
2 12593
2 26948
2 15888
2 32410
2 118
3 26314
3 13948
1 18639
3 30719
3 32152
2 30873
1 420
3 9679
1 9423
3 30092
2 27756
2 30927
1 23443
3 1696
1 5564
1 4936
3 3981
3 1985
2 16881
2 11628
3 4970
1 514
3 27560
2 1997
1 9562
1 26136
3 21060
1 28132
3 1426
3 22236
3 6252
1 18571
1 7370
2 973
3 29322
1 16515
2 12992
2 5003
1 25933
1 28912
2 13491
1 7773
1 5159
2 10712
1 3048
2 14508
2 8144
3 17063
2 1064
1 3462
2 5313
3 31918
1 16960
2 2333
1 27066
3 30111
1 19073
1 4933
2 3645
1 10771
2 5950
3 23033
2 2320
1 2053
1 16208
2 11222
3 9919
1 4436
1 11413
2 25246
2 14360
3 3652
2 25196
2 23991
1 24749
3 20477
2 21563
1 3241
2 30037
1 779
2 19434
1 2468
1 27307
3 4572
2 24677
3 17400
3 21390
1 5958
2 31774
3 15002
2 28576
1 24830
1 29576
1 18086
3 18887
2 546
2 11165
1 30167
2 26286
1 30128
3 20569
1 29969
2 837
2 20749
3 6972
2 2776
1 25405
3 1663
2 10700
1 8662
1 12173
1 14258
3 25617
2 25433
1 25840
3 6199
1 29464
2 25043
1 21092
2 24577
2 18289
3 21336
2 10157
3 19942
1 12208
1 23587
2 5072
3 14884
1 32495
3 26897
1 29592
2 14553
2 17227
2 6692
1 4116
1 19594
2 3170
2 15618
2 27927
1 10397
3 16860
3 22388
3 10167
2 990
1 2527
3 16871
3 25807
2 31486
3 16281
3 20974
2 20349
2 784
2 31162
2 5310
1 10148
1 27658
1 8439
2 6576
1 24683
2 29514
1 5768
3 19651
1 20156
1 26126
3 27307
2 24856
3 26566
3 21499
1 8991
3 19316
3 3963
3 20887
2 4521
2 19649
2 30483
2 19151
3 14995
3 3213
1 2952
1 25969
2 19240
2 17290
3 29720
3 29619
3 8250
2 30220
1 8390
1 30379
1 23708
3 16014
2 26840
1 12500
2 4007
1 10285
2 14682
2 18576
3 27577
3 6444
1 21402
1 31392
1 3250
1 19822
1 7082
1 23725
1 20085
2 24831
1 30434
1 12227
1 13165
2 27276
3 14939
2 17105
3 23302
3 9702
1 10613
2 25898
3 2095
2 11907
1 1105
3 26887
1 14303
2 18940
2 9816
1 13827
3 18317
3 17040
3 13490
3 27549
1 11190
2 20896
2 23760
1 5050
1 13915
2 6705
2 8931
3 25888
3 28032
3 13165
1 16482
3 5628
2 29102
3 17186
3 4745
3 15965
2 29809
3 10306
2 6356
2 19126
1 16091
3 13665
1 903
1 32352
1 18432
1 31546
2 21034
1 1558
2 23416
3 9003
2 517
1 6775
2 20449
3 22964
2 19624
2 12936
3 19802
2 18684
3 30310
1 17967
2 9224
2 9036
2 11477
3 8377
3 12949
3 15761
3 30032
2 17237
1 23724
3 14814
1 11126
1 22422
3 4478
1 16872
3 4008
1 12789
2 25152
2 20873
1 25998
1 25677
2 10410
3 4414
2 8850
2 24669
3 15738
3 16552
2 11363
3 10826
1 16111
3 12559
2 10100
2 6938
2 26447
1 20442
2 21883
2 13114
1 29538
3 16664
2 1010
2 31993
1 6388
1 2555
2 2713
2 32523
3 3414
1 19287
1 23026
1 16134
3 7134
1 3111
1 6596
3 21480
3 19554
3 5129
1 22425
1 2192
2 6593
1 21949
1 17728
1 3648
3 14427
1 27050
1 1868
3 16162
3 27796
3 6233
1 5010
2 28864
1 29013
3 29944
2 8111
1 22153
2 28298
1 2008
3 8063
1 29779
1 32677
1 2287
3 21415
1 8404
3 18970
2 10838
3 26637
1 6184
3 9185
3 29388
3 8795
3 7758
2 18935
1 10290
1 8319
1 12715
1 9949
3 18958
1 10030
3 19845
3 10519
3 7176
2 92
1 15497
3 10670
3 16495
1 27077
1 31558
3 25263
2 25269
3 4968
2 10928
1 30122
3 29166
1 11782
3 4766
3 564
2 27478
2 2472
1 13388
3 19557
3 13512
1 17430
1 27865
3 29531
3 1864
1 1889
2 10186
3 14261
1 27001
2 22618
3 8581
2 21017
3 14887
1 29976
3 14807
3 22958
1 19135
1 17270
2 22127
1 15010
3 2514
2 20370
1 21857
3 15526
2 15766
1 23120
1 4004
3 6509
2 20069
3 30677
3 27540
1 9008
3 8508
3 15884
3 32624
1 31533
2 573
3 804
3 17373
2 22564
1 7981
2 11280
2 22114
1 23768
1 4599
3 2822
1 19433
2 32404
3 31527
3 19969
3 4932
3 31652
1 11376
1 32063
2 26534
2 25047
3 25383
2 2499
2 21286
1 9476
2 4805
2 27604
2 16704
1 17793
3 16232
2 20860
3 8532
3 1709
3 26707
3 23818
3 6436
1 13672
3 618
3 29585
2 18266
1 32406
2 695
2 7015
1 5632
2 21920
3 30952
2 27302
1 7430
3 27379
1 14798
1 1454
3 5312
3 12927
2 6623
1 11681
2 22629
1 31289
1 14261
1 24294
2 30865
3 4249
3 22157
1 32679
3 24003
3 31516
1 18633
2 7763
3 31456
1 15555
2 27246
2 16412
3 4015
1 11411
3 11175
2 16249
1 31579
2 23571
2 11072
3 15014
3 7924
1 3537
1 24876
2 4639
3 20462
1 15325
3 22784
2 30505
1 23200
1 11852
3 31861
2 2634
3 5318
3 8631
1 28138
1 2507
3 32767
1 32185
1 29407
3 4157
3 31824
3 7028
1 28283
3 25329
3 2720
3 7181
1 27655
3 20606
1 7994
1 20268
2 14705
3 8000
2 1102
2 10621
1 4554
3 3027
2 19568
2 19249
1 22473
3 22428
2 21783
2 5758
3 24645
3 26432
1 22815
3 22042
3 19647
3 28970
3 4935
2 29636
1 30166
2 15370
3 28852
2 16060
2 26064
1 27985
2 21357
3 16966
1 25368
3 26550
1 25821
1 11307
2 2746
1 14772
2 30804
3 17207
3 31465
3 7177
3 32134
1 28092
3 3450
2 56
3 778
1 18445
1 8806
2 12040
3 18652
3 19205
1 31308
1 30467
1 25308
2 638
2 8428
1 27385
1 27469
3 21466
2 26541
1 12410
3 17750
1 21629
3 28697
2 24159
3 28548
3 12368
1 18012
2 27458
2 26183
1 8256
1 3016
1 11265
2 5744
2 28861
3 12627
1 25151
1 24506
2 6204
3 16919
3 23267
3 10046
1 23989
3 15825
2 7319
2 31228
1 3877
3 867
3 9802
1 16217
2 18445
2 19283
2 15790
2 31644
2 18418
1 12874
1 19899
2 8816
2 22747
3 21397
2 21802
2 31077
3 17879
1 29607
1 25851
3 2671
1 24948
3 14997
3 12016
1 9829
3 7240
2 32408
1 9232
3 30596
3 11116
3 7823
3 8996
1 9193
3 16123
3 27771
2 14141
2 26
1 18584
3 10241
1 26156
3 20862
3 20965
1 2283
1 3849
3 8416
1 25357
3 22951
3 22701
2 7408
1 31036
3 8646
2 12344
2 3266
3 3361
3 24703
3 22411
3 21069
2 10611
2 22314
1 975
2 31982
3 4456
2 25541
2 3052
1 27618
3 30527
1 27506
1 10003
2 207
3 17080
3 21751
2 15157
2 25148
3 26519
2 4925
1 15241
2 19988
3 19493
1 16337
3 5898
3 31784
1 16303
2 17766
3 14071
1 4265
2 261
3 6737
2 3409
2 7858
2 21755
3 2827
3 13152
1 15036
3 11500
1 5299
2 6191
1 7464
2 23858
1 20362
1 16139
2 21689
1 25519
3 26997
2 3592
2 2327
3 15943
3 12414
1 11388
3 19789
3 20835
3 11604
3 29057
3 587
3 24176
1 19910
1 25208
2 18789
2 2655
1 8011
1 16769
2 1746
2 29731
2 6525
1 11268
1 29743
3 23349
2 30874
1 18731
2 17145
1 22035
2 10242
3 2149
2 20246
3 6332
2 15548
1 28645
3 24909
1 19253
2 32753
2 31520
2 457
3 28680
2 2414
3 2387
2 23195
1 23232
2 27174
2 23547
3 10805
3 13935
3 26286
1 9563
3 17903
3 7208
3 16832
2 9978
2 11397
2 14725
2 5817
3 24610
2 10391
3 1825
1 17434
1 19553
2 808
2 3871
3 26122
3 12812
3 17952
1 17314
1 24787
1 183
3 3786
2 25939
2 31585
1 16319
1 28759
1 31198
3 2502
2 3264
2 26201
2 21109
1 10169
3 10783
2 22344
3 8779
1 786
3 7554
2 9985
2 9498
1 13904
2 24146
1 22849
2 21919
3 13075
2 5184
1 17454
2 13336
3 15522
3 26045
1 21199
2 7373
1 29285
3 22145
2 22416
1 11908
1 27244
3 13829
3 28351
3 16651
1 23527
2 7688
3 28945
2 27570
3 22956
2 270
2 30238
1 7117
3 7349
2 18652
2 26336
2 15159
1 24223
2 1278
3 8248
2 26314
1 17452
2 10561
1 9577
3 13544
1 22465
1 23609
2 25243
3 3062
1 5096
1 21948
1 32601
1 2267
2 32207
1 19813
3 16660
1 30085
1 20424
1 30994
1 32158
1 20324
2 13256
2 7015
2 7599
1 24045
1 3560
3 8777
1 12131
1 22809
3 22246
1 21859
1 2234
1 8164
2 1701
1 5284
1 31256
1 32462
2 3752
1 9919
3 4290
3 1629
1 25755
2 6058
2 26983
2 29081
3 7371
3 10016
2 4756
3 7310
1 5289
3 18207
2 32574
2 2765
1 11595
3 10858
3 2365
2 32236
3 5611
2 25352
3 971
2 7170
3 9830
1 4291
2 24073
1 9772
2 18878
2 8106
3 21882
1 16138
2 30872
3 5775
1 14470
3 16706
2 17343
3 30090
3 14585
3 9724
1 28319
1 9332
2 20097
3 31589
3 6603
1 29037
2 10547
3 27437
3 32119
1 8023
1 13319
2 20744
2 13310
2 1113
1 10071
3 24881
1 5214
1 14429
1 11108
3 24290
2 7351
3 21393
2 2770
1 25309
2 27856
3 15594
1 29991
3 12774
1 20626
2 2204
1 20815
1 9030
2 23179
2 26275
1 8219
2 5962
3 3692
2 8510
2 28349
2 32194
3 7051
2 11119
2 22861
1 27779
3 10082
1 16252
2 7496
3 17894
2 10254
1 3441
1 15372
2 28486
1 20177
2 31131
3 11613
2 6021
2 657
3 27406
3 8675
2 3464
1 27222
1 10785
3 21930
1 9911
2 1999
3 20205
2 29344
2 13694
3 25038
1 16337
3 794
2 4046
1 16072
3 16369
1 29776
3 9628
2 28502
3 3506
1 10460
1 10081
1 10423
2 4415
3 6975
2 15513
1 28491
1 6919
2 4189
3 19012
1 4377
1 12861
2 23036
3 18792
1 12362
2 29527
3 10568
2 11661
3 23980
3 32400
3 29010
1 23360
1 17200
2 30310
3 22924
2 11920
1 24172
2 3613
3 16463
2 4500
3 19226
2 10298
1 19797
1 8931
2 7575
1 1288
2 5183
2 27674
1 19813
2 278
3 18193
2 10330
3 12202
2 25527
3 30897
3 6855
1 431
3 15744
3 28523
2 29962
2 865
2 22222
3 1904
3 19920
3 8659
3 11838
2 9554
3 10057
3 12729
3 1843
2 14474
2 1449
1 14831
3 2132
3 19954
1 5547
2 19952
2 27147
1 12875
1 25353
1 30816
1 13575
1 9401
3 7941
1 13699
3 4282
2 6466
2 30435
1 32195
2 8668
3 2898
1 31341
2 24622
2 30950
2 24634
2 4718
2 11509
3 4248
2 22956
3 1847
1 12271
2 23668
3 6209
1 5917
3 31507
1 26432
2 11764
3 7417
2 16642
3 392
3 16548
1 18086
2 16251
1 26
3 15509
2 23431
2 14820
1 2696
1 5871
1 4862
1 968
2 31145
1 8254
1 31478
3 6995
2 17944
1 26353
1 28250
1 21464
2 1716
1 10715
3 7068
3 4172
3 32542
3 23221
2 6959
2 3528
3 15935
2 12441
1 5645
1 15883
3 19647
3 19080
1 31794
3 12790
1 27535
1 25062
3 19231
3 5134
2 25184
1 3321
1 25688
1 13053
3 24105
1 4462
2 29670
3 7185
1 24485
1 18131
2 26325
3 17851
3 14802
2 2334
1 29111
1 18962
2 8308
2 15140
2 10016
3 12622
3 18064
2 22819
3 7720
1 19533
1 3313
1 6969
3 10476
3 7953
1 16550
3 10219
2 6925
3 23360
2 27010
2 22175
1 8239
1 27298
1 10395
3 546
3 8827
1 2471
1 9932
1 27426
1 16670
3 29151
2 4915
2 10933
1 22216
1 5248
3 12723
2 13521
3 4142
2 25827
2 31091
3 27345
3 4745
2 13063
3 17245
1 15862
2 12820
2 5645
3 2208
2 25060
1 14481
3 26298
2 12590
2 3873
3 15301
3 18936
3 29247
3 21914
1 1015
2 19285
1 15565
1 32542
1 630
3 1922
2 15382
2 480
2 22544
2 26326
2 25628
3 761
3 27547
3 26569
3 4136
1 26852
2 4208
2 31097
3 12611
3 32256
2 15595
2 26152
3 3260
1 8977
3 20716
2 19900
3 2725
3 4544
3 27737
2 12350
3 5206
3 12054
3 21914
1 2139
1 744
3 28165
2 28699
2 30182
1 7611
2 16864
3 17102
1 30804
2 10480
2 8413
1 3750
1 14655
1 1008
2 5786
1 29981
3 26340
1 22499
2 26261
1 11951
2 7844
1 22074
2 16051
3 20829
3 26503
1 1830
2 31162
2 10027
2 15540
3 10270
1 29143
1 5282
1 10234
1 6749
2 25369
2 3919
3 27722
2 24930
2 24051
1 9282
3 16443
3 12654
3 18878
3 3728
3 6277
2 3594
3 30517
3 24017
1 646
2 30846
3 17143
1 11426
3 3777
1 11866
2 18441
3 26404
1 19289
1 30705
1 8785
1 8572
2 20122
2 1753
2 16668
3 32337
2 20849
2 25709
3 18841
1 9553
2 23023
1 28747
3 2395
1 18860
2 30154
1 28375
1 30939
3 16535
1 1243
2 10166
1 19956
3 10187
3 5025
2 5203
