2571 18003
2 25534
2 11068
1 28615
1 4889
3 21319
3 16983
2 8001
1 17470
3 15445
3 25217
1 16110
2 15123
3 19388
1 26685
3 8293
3 28398
2 5239
3 26450
3 9890
3 5029
3 27172
1 22858
3 26756
1 20503
3 19331
1 23540
3 25424
2 1188
3 23803
2 32738
2 15660
3 8624
2 29461
3 9964
3 6053
2 3620
3 11518
2 29355
2 29226
3 7660
1 7945
2 17151
2 7310
2 6266
1 3371
1 17546
2 14730
1 20290
3 13694
1 3890
3 20793
2 17468
3 10943
3 21667
3 29595
2 24677
1 16080
3 7883
3 27410
1 14910
1 32054
1 7772
3 32488
2 27723
3 13724
2 2381
3 17863
3 31637
3 5710
2 2394
2 2110
3 20009
1 22207
1 14975
2 13123
2 12695
3 29187
2 14721
3 23212
2 29044
2 29013
1 16997
3 19381
2 32216
1 18067
1 24311
2 12157
1 8673
1 14013
1 9540
1 15753
1 18990
2 21626
2 1568
1 32320
1 23397
2 2707
1 11169
2 7532
1 6317
2 13942
2 26530
2 19647
2 6708
3 21172
2 12866
2 13900
3 21418
1 12675
3 14434
3 32522
2 10949
1 18237
3 31274
1 22869
1 7611
3 1247
2 31109
3 10093
3 31179
2 17035
3 30880
2 11764
2 8629
2 14854
1 18543
3 22132
1 25660
1 4411
3 10024
2 471
2 25259
3 29878
3 11973
3 27373
2 1869
1 16938
2 21383
1 6377
1 3060
2 17131
2 29294
3 25060
3 4212
3 30325
3 28610
1 32089
2 16676
1 27875
2 25997
3 9896
2 3427
1 12665
3 25118
1 20372
3 28177
2 17690
1 13959
3 25284
3 15378
1 10450
2 21792
1 5701
2 5839
2 30798
1 16387
3 19974
3 23221
2 5215
3 1934
2 3675
2 10164
3 23932
2 22756
3 32379
1 30657
3 32317
3 7275
3 31490
2 17748
3 17888
1 9295
3 14448
1 16874
1 4807
3 27390
2 30119
2 7300
1 19703
1 25002
3 15985
3 22567
1 28827
2 20171
2 15864
1 12890
2 10367
1 15514
2 8524
3 6571
2 30870
2 30615
3 2529
1 13354
3 30836
1 7428
2 4110
1 30188
3 7637
1 14695
2 21903
1 18313
2 5908
3 30476
3 10243
3 15519
2 13749
2 23680
1 13167
1 23117
1 26844
2 6936
1 17594
3 28089
2 18387
3 28008
3 7215
3 29323
3 11400
1 1484
2 20478
3 2415
1 24076
3 3298
3 16059
2 32406
3 19221
3 12302
3 4573
1 24630
1 21629
3 16373
3 20544
1 9477
3 10177
2 24323
1 164
1 25282
1 10627
1 16357
3 23595
2 5293
3 28681
2 29711
1 4319
1 29194
3 19899
1 18999
1 5162
2 21666
1 27561
3 15576
3 1372
1 12097
1 29699
2 28848
2 8233
1 5177
2 19614
3 17219
2 16168
3 19421
1 24950
3 26966
1 28245
1 31495
3 32551
2 7540
2 3472
3 22932
3 15730
3 24172
1 796
1 30947
2 31166
3 15825
3 32288
2 6745
2 24980
1 15993
3 18730
1 5599
3 3362
2 17150
3 11431
2 20578
3 10682
3 3136
2 24940
1 16978
2 13392
2 18401
2 4912
1 3620
1 17407
1 11976
1 29455
2 9936
2 25732
3 13215
2 23049
1 1619
1 193
1 16725
3 31616
2 29742
3 23868
3 2461
1 10174
1 23526
2 8861
3 25452
2 7789
3 13186
3 30772
1 14719
1 28957
3 29200
1 11889
3 2259
2 30146
1 5665
1 31082
3 28459
3 18740
1 15432
1 15192
2 18829
2 25005
2 17823
1 24346
3 25285
1 12621
2 3649
3 17072
1 12769
2 22681
1 13265
3 12738
2 10419
3 26872
1 27633
3 28695
3 4690
1 14133
2 27340
2 21534
1 410
3 15873
1 22926
1 29032
1 20391
2 4205
3 23782
1 21291
2 10846
2 23668
1 11147
3 18114
1 13028
3 32111
1 13491
1 13864
3 11301
3 7839
3 22173
1 4736
1 14670
3 28071
1 9481
1 20112
2 11347
2 23822
2 16315
3 26944
2 25707
2 30401
3 14588
1 2080
2 15503
2 16016
1 3097
3 8672
3 2558
1 9389
2 9186
2 14550
3 10939
1 2096
1 28971
3 9595
2 9230
3 18837
1 4431
2 28910
1 20735
1 27964
2 1192
3 16240
1 8414
2 19944
1 29976
1 19174
2 26046
1 24385
2 3203
1 27994
1 13045
2 82
2 23378
1 15226
1 19358
2 24075
3 20210
2 12056
2 8471
3 26048
2 14420
1 25000
3 24963
3 18345
1 25194
3 22213
1 5705
1 2400
3 14512
1 22188
1 21139
3 10342
2 32160
2 22720
2 29136
1 19614
1 4413
1 32260
3 26163
1 2767
2 18313
1 7076
3 5938
3 14119
2 20239
1 21869
1 20487
1 18355
1 10074
2 18512
3 15922
1 18152
2 10108
2 17635
3 32757
3 22045
3 5256
3 6623
3 17111
3 16399
1 18456
1 28323
1 29218
1 7003
3 26311
1 11696
1 30053
1 32008
2 9912
2 32555
3 32498
3 15098
3 9742
1 21343
1 27233
3 16000
2 20850
2 32056
1 11019
1 26311
1 23184
3 23752
2 19088
1 31588
1 16026
1 6598
2 30546
2 11982
2 23747
3 28170
3 8951
3 12514
3 7365
1 18
1 12523
1 20830
1 9565
1 19840
3 13532
2 12902
2 8905
3 9626
3 16700
2 2818
2 7505
1 13257
2 17858
1 31133
2 24507
3 6683
3 32233
2 26247
1 28117
1 7105
2 28528
3 30324
2 2798
3 22417
1 30936
2 3324
3 20573
2 4741
1 28650
3 24345
2 21498
3 4665
2 20526
1 5548
1 24224
2 1905
3 31093
1 32760
2 12977
2 2194
3 32335
2 22053
1 25234
3 7204
2 662
2 3006
3 14122
1 21334
1 10722
2 12852
1 9831
3 29818
3 5650
3 27481
2 22969
3 13700
2 30153
3 27621
2 17557
2 1680
1 8942
1 3573
1 19188
1 27737
3 20779
2 29575
1 30674
1 27330
2 19568
3 14591
1 17327
2 32593
2 18285
3 14245
1 27409
3 11183
1 14875
1 22564
2 21760
2 4138
3 20532
2 29965
3 2440
3 5683
3 26550
1 19794
3 14394
1 10976
1 8036
2 1739
3 20140
3 2411
1 30021
2 16565
1 7925
2 5553
2 29987
2 13870
1 5682
3 18100
3 30477
3 28858
2 771
2 8473
1 28118
3 2753
2 27662
3 16810
2 17811
2 526
2 30331
2 30678
1 21025
1 6738
1 23671
1 28716
3 19869
1 20383
2 29618
2 28388
3 26346
2 22765
3 17376
2 6742
2 24622
3 15001
1 11580
2 21889
1 15701
3 26849
3 7936
3 10885
1 653
1 31337
2 24046
2 17705
3 712
2 27321
2 23242
1 32086
1 15934
3 27836
2 6365
2 29082
3 20712
2 19779
3 9332
3 12710
3 28934
2 25984
3 6495
3 30928
2 32153
3 7564
3 14707
1 30866
2 7402
2 32481
3 4873
3 13065
2 27393
2 22240
2 14204
3 25975
1 14383
2 26956
1 430
3 705
3 22405
1 13005
2 27780
1 15858
3 32090
1 15215
3 31078
2 9398
1 11721
3 31008
3 9920
2 18912
3 15153
2 16950
1 30339
3 32741
2 21683
2 20454
1 1188
3 9054
3 9399
3 20686
2 11676
3 30089
2 32616
1 2924
2 17639
2 1737
1 8499
2 4260
1 23429
2 12578
1 32076
1 32318
3 5756
1 8894
1 7209
1 20837
1 5460
2 30827
2 2565
1 18730
1 26778
2 26650
1 21854
1 22783
2 6237
3 31585
3 7543
1 11069
1 15028
3 23034
1 12503
1 13214
3 6710
1 9282
3 15304
2 20932
3 27776
3 23995
2 1753
1 944
3 6323
3 26507
2 17757
2 10315
1 3571
3 2810
2 29674
2 20960
3 10729
3 5112
1 18138
2 10400
2 12098
3 31636
2 10445
3 23837
2 19502
2 8838
2 18725
2 10960
1 12513
3 7079
1 14985
3 27284
1 13846
1 1651
1 8547
2 13608
2 4999
1 31118
2 29282
3 5552
3 9846
1 32060
1 16632
1 19508
3 18471
2 5607
1 7645
1 8224
1 13412
1 24221
1 1418
3 17090
1 32760
3 13199
2 24255
1 16848
2 7988
1 27795
1 2302
2 2527
3 31853
1 10147
2 31502
1 30957
3 7804
2 9052
2 29048
1 216
3 24380
2 10624
1 11533
1 23012
2 12816
1 2421
2 16734
3 17722
2 31322
2 8900
2 29507
2 24419
2 29189
1 32666
2 10069
2 721
3 8188
1 32586
1 24691
3 14934
1 24241
2 4297
1 20033
2 17323
1 29335
1 32048
2 27556
1 8682
1 12456
2 16958
2 11592
2 16405
1 13536
3 31955
2 16410
1 9101
3 10432
2 25463
3 22478
3 11931
1 6604
1 20689
3 3418
3 29419
1 24589
2 24112
2 19833
3 5132
2 5263
1 3589
2 22314
1 14833
3 6116
3 1638
2 18990
3 4979
1 10400
2 23437
1 17805
2 26828
3 2523
2 27224
3 5649
3 15902
2 14770
3 17095
1 29898
2 1514
2 14278
1 8832
2 21896
1 25497
2 23483
1 32590
2 17764
3 32247
3 15290
2 8606
1 22840
1 25011
1 8944
3 20224
1 11298
2 29664
3 6157
3 1196
3 28165
1 29815
3 29638
2 16891
3 520
2 4306
1 1876
2 25322
3 11541
3 1587
2 21234
1 2714
2 21595
2 21563
2 19554
3 7634
1 19405
1 32627
1 13673
3 19836
3 13473
2 25543
2 590
2 12580
3 27601
2 5894
2 20576
1 29052
1 2205
1 23395
1 27757
2 731
1 27399
3 8695
2 26955
3 28601
3 23126
1 7485
3 18003
1 13108
1 13203
1 25492
1 9697
3 9102
1 10255
3 8641
2 5077
1 27821
3 3036
1 23914
1 23573
3 6809
1 13391
1 18332
2 28937
1 13314
1 26244
3 8005
2 25117
3 25784
2 21978
3 9147
2 25155
2 14385
1 12915
2 5940
1 24174
2 25607
1 18357
3 20811
3 9240
3 8822
2 10956
1 24962
3 6077
3 7394
1 31013
3 16826
2 31582
3 26191
2 9973
2 6333
2 17663
3 1512
1 23984
2 3252
1 1321
3 4473
1 27282
1 9649
1 23913
3 22516
2 15641
3 16423
1 1743
3 7152
3 30089
2 3948
2 26736
2 24101
3 871
3 12350
1 15844
3 14321
3 21502
3 19260
1 19912
1 17878
2 4318
1 18280
1 12349
2 8698
1 28248
1 3243
3 9576
1 28326
1 2563
1 22097
1 31728
1 28872
2 22842
3 5513
3 1923
2 14961
3 10139
2 25575
2 10065
2 25943
3 9609
1 1506
2 23695
3 23891
3 1707
3 32085
3 28918
1 15076
2 12395
3 11266
3 11585
1 11691
3 30841
2 1546
2 8115
1 30445
3 29509
3 21623
1 29326
3 29716
2 21128
1 1970
2 21149
1 14639
3 21436
2 6669
2 26027
2 15213
3 16031
2 571
3 20746
3 2982
3 29620
1 13779
2 20493
3 8402
2 2754
3 15313
2 23182
2 12943
2 339
3 20244
2 23401
1 9120
3 31029
1 4321
1 30462
2 31848
3 1789
1 19294
3 25011
2 30067
3 4224
3 17432
1 18032
1 4590
1 15192
3 7806
1 15650
2 18986
3 27493
1 20067
2 20793
3 17949
3 20809
2 6784
2 6185
3 10209
3 2282
3 12016
3 22508
1 26163
1 18420
1 16307
3 15742
2 14069
2 7253
1 15147
2 9056
3 2476
2 15039
2 3234
1 26647
1 4610
3 23849
3 28354
3 21674
3 25158
1 12622
3 19995
2 4903
1 5607
1 22317
3 15264
1 13598
3 3069
1 28552
2 28458
2 18979
1 12736
3 14949
3 23028
3 1617
1 23823
2 17808
2 18718
1 30914
3 14058
3 11030
3 6186
1 21016
3 13816
3 24523
3 29570
1 15096
3 10498
2 4549
3 10992
2 14985
3 20853
1 5855
3 5156
3 11514
3 3557
1 27448
2 32049
2 18937
3 5253
3 16305
2 12048
3 15164
1 15791
3 6258
2 28
2 17148
2 24163
3 31590
3 30357
3 29300
3 12991
2 11962
2 31517
2 28775
1 22668
3 1890
2 6974
3 20376
2 22961
2 18324
1 23522
1 30032
1 18110
3 3402
2 7129
3 4059
3 24930
2 20676
2 1623
2 7434
3 22261
3 29445
1 5491
3 179
3 2799
1 23634
2 9385
2 11053
3 29039
2 10934
3 4952
3 20437
3 31157
3 28800
3 30533
3 11148
3 2216
2 706
3 24342
1 23350
1 849
3 22484
1 9432
3 16956
1 26974
2 30160
1 20602
3 266
3 32672
3 28948
3 2640
3 31634
2 2701
1 31426
2 7569
2 28616
2 6335
1 32579
1 2777
2 7204
2 23923
3 21696
3 10920
1 30244
3 6923
1 31144
2 24544
3 28871
3 7565
3 25389
1 23115
2 21266
1 17697
3 23495
1 26899
1 7822
1 8343
2 29103
2 23880
3 1480
1 6110
3 30053
3 31838
3 29392
1 9870
3 2091
1 684
1 7611
3 9823
1 14983
2 13806
2 13090
3 10672
2 15045
1 1988
1 2720
2 26113
3 4978
3 18480
3 27992
2 11897
1 31202
2 26652
2 27756
1 32354
1 11436
3 19410
2 18311
3 5031
1 25129
1 11650
2 25428
2 6493
2 18168
3 4032
3 20485
2 25143
1 3197
2 16387
2 24525
2 13072
3 1885
3 26919
3 19814
1 7525
3 24068
3 13804
1 29324
1 27096
1 18207
3 885
3 3711
3 4783
2 22562
1 9161
1 7301
1 20050
2 25539
3 12373
2 14950
2 10705
3 26749
2 27752
2 7919
1 13147
1 3854
3 14262
3 8303
3 13512
2 14586
3 4310
3 19261
1 32273
1 7941
3 10180
1 2096
2 16338
1 32701
2 96
1 21285
1 30159
3 24046
2 9453
3 381
1 24940
3 20268
2 26771
3 6300
3 5171
3 23117
1 14813
1 13419
2 2642
3 26091
2 1339
2 32215
1 21786
2 14054
1 10113
3 12624
3 21890
1 32480
2 28774
2 13643
3 1697
1 31424
2 13574
2 16576
3 22584
3 8496
1 29281
3 4525
1 6438
3 24863
3 32730
2 13201
2 29169
1 28736
2 20920
3 22001
2 28484
3 10632
1 19368
1 13015
2 7276
1 31668
1 9018
3 1358
2 11737
2 26561
1 21088
2 4071
1 15267
1 3953
2 6642
3 13111
2 3075
1 21453
1 5164
1 5207
3 28117
2 926
1 22318
1 21347
2 8989
1 6643
3 10107
2 20987
3 23423
3 3230
2 14970
1 2501
2 16069
3 10934
1 2296
1 29417
3 1885
2 2838
1 12709
1 31379
3 11481
1 2781
2 27539
1 2421
2 7789
2 23533
3 2234
3 6722
3 3444
3 9068
2 2166
1 24628
2 18411
3 10310
2 14855
1 32135
2 8949
3 4520
3 28432
2 18940
2 30037
1 13702
1 15896
3 10583
3 8695
2 30487
2 21773
1 29153
3 12904
3 13652
2 23484
2 25318
1 344
1 18812
3 26202
3 11064
1 29983
3 5522
3 30718
1 32683
3 18998
3 8925
1 5412
1 16791
3 28090
1 20584
2 26156
3 13657
3 26604
1 4480
1 27097
2 18642
3 22196
1 15417
3 14291
2 27111
1 30745
1 26601
3 21285
2 27903
3 17610
2 23467
1 3263
1 904
2 6808
1 3293
3 30197
3 17010
2 30458
3 11682
1 25343
1 14514
3 16776
3 19297
3 32119
3 5568
3 9856
1 32068
2 26334
3 24602
3 324
2 8890
2 27415
3 15295
3 22234
2 12790
1 17130
2 16565
1 24683
1 5742
3 26242
3 24963
3 9668
3 8028
2 28655
2 25016
2 10200
2 32320
1 3493
1 23650
3 6972
3 21852
3 1276
3 23191
2 12970
3 22071
2 17582
2 31216
3 31103
2 28699
1 1884
1 8969
2 15933
1 3735
1 1545
1 20482
2 3337
1 26621
2 15005
1 25345
2 14893
3 23525
2 12899
3 3246
2 31895
1 25000
1 28811
2 17078
1 6233
1 1766
1 24745
2 17992
3 6439
1 32257
1 22837
2 15003
1 7388
2 15519
1 11785
2 19302
3 11766
1 10796
3 21222
2 25446
3 11797
2 24149
3 3567
2 29404
1 20608
2 28559
3 14892
2 17932
2 9376
3 20878
1 6664
1 27583
3 12418
1 17358
3 14803
3 11202
2 7002
2 20494
1 25154
2 3429
1 26619
2 22735
1 6890
2 28157
1 16223
3 14297
2 15560
1 10082
3 19237
1 27831
2 5308
2 18033
3 8206
3 23350
1 5641
1 20876
3 14463
1 6634
3 7383
2 7957
3 32515
3 20650
2 16562
2 15350
1 26822
2 9998
1 14088
3 25116
3 8218
1 17144
2 17838
2 32504
2 16118
2 22280
2 17755
2 18941
2 6514
2 16678
1 13356
3 27428
1 6221
1 14588
3 22559
1 12651
2 9063
1 3706
2 29080
2 22865
3 7239
3 30800
3 32223
1 25436
1 26774
2 29303
1 2463
3 31380
3 3233
3 11433
3 4969
2 27397
2 21980
3 2276
2 32303
2 10305
1 5466
1 10731
1 5065
2 25563
1 27221
2 4549
3 6004
2 13293
2 7340
3 20540
3 26702
3 18835
3 1888
1 16735
2 13275
3 14190
2 4887
2 23553
2 14467
2 18466
3 16537
3 4151
1 6161
3 25816
1 17237
2 13790
2 14902
2 3004
3 11229
2 2835
3 16132
2 22144
2 8806
1 17081
1 371
2 4312
1 12617
2 8950
3 10720
1 24316
3 8068
3 13238
2 20617
2 29737
2 23354
2 32039
3 12306
2 22816
2 29743
2 22075
3 26627
3 17061
2 9805
1 17193
3 20295
3 30722
1 29729
2 25581
1 22191
2 18818
2 20831
2 29379
2 31597
1 5878
3 23898
1 21168
1 18842
3 26163
1 11661
3 11769
2 28336
1 2449
2 10261
3 9386
2 23568
1 22126
3 28212
2 2833
3 31101
1 27561
3 22223
1 14400
3 26527
3 2087
3 30960
2 25742
3 21122
3 29010
1 17990
1 6166
3 21524
1 27029
1 13728
3 10550
3 26283
3 14050
2 32118
2 19218
2 26492
2 14636
2 24160
3 11279
3 10533
1 4332
1 32157
2 9305
3 5668
2 21920
2 20366
3 29789
1 25437
3 23624
1 4663
3 4943
2 21144
3 3560
2 22469
2 3493
1 1281
2 19976
3 8450
1 29594
3 23974
2 28983
3 2019
2 22444
3 29692
2 17284
2 31227
3 23838
2 5723
1 7939
3 773
1 22135
3 23678
1 4686
1 10078
2 29697
1 18948
3 5889
1 20104
2 587
1 241
2 22589
2 15784
1 14504
3 1069
3 2342
3 8713
1 6062
2 2564
1 19301
3 11159
3 22455
1 24228
1 9639
1 14181
2 26467
3 22179
2 2588
2 2600
2 31252
3 20854
3 27897
2 6841
1 9841
2 19451
2 27382
2 27799
3 5348
1 752
1 32720
2 31330
3 15900
1 9593
1 19656
3 12385
3 14731
3 6046
2 28451
3 30461
3 7145
1 17611
1 26280
3 19780
3 26031
1 590
3 3109
2 29544
1 413
2 477
2 6122
2 9533
3 21301
1 21517
1 14413
2 25790
1 21821
3 31452
1 14372
3 21640
1 18497
1 3112
1 13646
1 8797
2 28943
1 25654
3 26410
2 419
1 26425
1 26668
2 29982
3 13794
2 29590
1 22678
2 23826
1 11594
2 32450
3 13285
1 27122
3 11051
2 3993
3 10475
3 14895
1 634
1 22976
2 6497
2 22079
1 24659
1 23580
1 11362
2 22296
2 9842
2 3929
3 28909
2 7353
1 21944
1 9316
2 4198
3 5282
1 2220
1 21233
1 4373
2 4183
3 32247
1 14326
3 10406
1 11233
3 13031
3 17454
2 7848
1 17485
1 3566
3 15000
1 16142
3 32298
2 6432
1 16117
2 23729
3 23567
2 19640
2 29773
1 25547
3 25875
2 27027
2 11114
2 31870
2 23379
3 25523
2 8540
1 15691
3 624
3 23742
1 19955
1 28059
1 30223
3 11901
3 16968
3 22586
2 4183
2 1373
1 5941
2 11735
1 24694
2 2801
1 27608
2 30597
2 12572
3 8302
1 29716
2 6461
2 7934
2 10541
3 5904
3 25690
1 16212
3 25901
3 7606
2 14875
2 22108
2 23439
2 28981
3 15908
1 7637
1 21784
2 27008
3 6398
1 7044
3 26290
3 11212
2 19090
1 1971
3 3051
3 6422
2 3250
1 17325
1 20853
2 19611
3 17808
3 24643
3 4004
2 10846
2 2629
2 13386
1 13555
1 32165
1 12620
1 795
2 8319
1 10108
2 29956
2 13074
3 3211
3 23857
3 9778
2 5135
3 2298
1 30422
3 28284
1 13816
2 1496
2 19907
3 8943
2 20277
2 28114
1 11025
2 9849
2 13106
2 20665
1 17952
3 23664
2 22753
2 7683
2 21266
2 11018
2 28982
3 28489
2 8525
1 3555
1 3497
2 25290
3 18941
1 14458
2 22199
2 1511
2 28303
2 18611
1 21088
3 20389
1 1847
1 2391
2 15018
3 11054
2 16748
2 17551
1 25630
2 4688
1 28263
3 9837
2 13382
2 14333
1 423
1 12132
2 10293
2 17097
1 8048
3 14027
1 27391
1 5999
2 15175
2 32093
3 31804
2 13133
2 18039
3 20412
2 26250
3 5859
3 28304
2 14569
3 1544
1 16472
3 27619
1 17614
3 24283
2 13813
1 24583
1 21172
2 940
3 8359
3 17495
1 30669
1 3112
2 30337
2 26737
3 29100
2 7040
1 13624
3 184
1 10440
3 30439
2 11430
1 17619
3 17148
3 11286
1 22856
3 7724
3 17930
2 18379
1 20159
1 26226
1 18963
2 7237
1 12883
1 13848
1 15393
2 6090
3 17771
1 17108
1 12446
2 11041
3 22
3 20001
3 17882
1 16409
2 15238
3 9149
3 5768
2 16384
1 27791
2 10283
1 15425
3 10796
1 28205
3 30513
1 25088
2 14966
2 23547
1 4699
2 26276
3 8122
3 31932
2 8055
2 3954
2 16985
3 15574
1 14104
3 19088
3 6839
2 14546
1 17171
2 395
2 6077
2 22494
1 27909
1 31698
1 5463
1 30283
2 7371
2 20793
1 25335
1 8207
1 1800
3 27767
2 23057
1 23363
3 19362
2 7591
2 1181
1 678
2 9285
2 15563
1 21400
2 12313
2 8927
2 23620
1 25987
3 14114
2 34
1 2908
3 23778
2 12137
1 31237
3 10429
1 18110
2 3901
3 16963
1 17655
1 4388
2 22032
1 31963
1 5373
2 4516
3 18166
2 20111
2 29864
2 7123
3 13099
1 31589
1 31027
1 10185
1 21642
1 5417
1 5054
1 2212
2 14359
3 14824
1 17355
2 13059
1 14453
1 25206
3 22980
2 5003
2 2160
1 16617
3 18803
2 30054
3 19829
1 12060
3 3208
2 30911
2 18965
3 11566
2 5398
1 6471
3 6278
1 28672
2 20502
3 17587
2 29986
2 32698
1 14307
3 316
2 6374
3 26182
3 30397
2 9246
3 9204
1 28116
1 6471
2 6169
3 6161
2 28500
2 20744
3 13299
2 25384
3 12543
2 18157
2 8436
2 31173
1 21711
1 32197
1 20840
1 411
1 22274
3 17604
2 1825
2 3071
3 7324
1 14849
2 27122
1 24682
2 4577
2 23800
3 11829
2 22266
1 22751
3 12552
1 19270
2 17138
2 2018
1 28662
3 16902
2 27958
2 30717
3 19561
1 29529
2 7888
3 9096
1 17515
3 1704
2 15214
2 5276
3 1007
3 24672
2 27617
3 25497
3 22341
1 10353
3 22687
3 17825
1 11687
2 24783
2 29762
3 11035
3 11184
3 3061
1 22023
2 28209
2 19936
1 25437
2 9296
1 4434
2 6938
1 7689
1 3874
2 3504
1 26405
1 18173
2 23208
2 12739
1 9518
2 9155
3 31150
1 4036
3 19012
2 10982
1 14375
3 31795
2 16347
1 2679
3 30120
1 7249
3 26186
3 16011
1 28650
3 1191
3 10061
2 14266
1 7500
1 26494
2 6276
2 4514
1 5966
2 21348
2 11762
3 22882
2 5399
3 429
2 31870
2 25632
1 30192
2 13552
3 3189
2 13699
1 23495
2 10118
3 15366
2 30266
2 21933
1 2574
2 12741
2 31347
3 6745
1 4588
3 24361
1 22628
3 21154
3 6085
2 4878
1 3782
2 29705
2 17925
2 7220
3 15189
1 11053
2 22361
2 31678
1 24914
1 22100
3 25909
1 10163
3 16385
2 4073
1 17999
3 23936
1 14634
3 18680
2 32034
1 1141
3 18332
2 29620
2 13932
2 8259
1 1446
1 15858
3 22448
2 21381
1 17308
3 23467
2 7605
1 29236
1 11864
3 24958
3 19206
2 9264
2 1462
1 12075
3 26224
3 6078
1 25367
1 27161
2 2439
3 17413
1 4064
2 2002
3 16160
2 15248
1 27640
1 26754
2 29144
1 3791
1 25677
3 379
3 27276
3 16022
2 31055
2 6067
3 24287
2 16028
2 21874
1 2628
2 4024
2 2045
3 29617
3 11499
3 30657
2 15289
2 22022
2 12938
3 2537
1 21811
3 19443
3 10151
1 32739
1 27826
1 18685
2 31979
2 14500
2 2532
2 19243
3 8611
1 9961
3 1622
3 20875
1 11842
3 20398
2 32765
3 25262
2 7901
1 22712
3 23472
2 8999
1 7597
1 9997
3 22443
2 31759
3 23953
1 3447
3 11790
1 20868
2 1162
1 2820
3 18268
2 18725
1 9789
2 6537
2 31996
2 8344
1 20084
1 3098
2 27580
3 5125
3 7069
1 32147
2 22089
2 21656
1 26953
3 20243
2 6072
3 3843
1 2735
2 13948
3 9728
1 505
2 5415
2 23796
2 9341
2 9396
3 15023
1 3431
1 1647
1 23920
1 13417
1 29442
3 16761
2 18414
2 15643
2 26553
3 4131
3 3058
2 7086
3 21186
3 17496
2 17349
1 15791
2 5912
3 10728
1 29364
3 25041
1 4602
3 30983
2 2958
3 21097
3 10601
3 22732
3 1834
3 12273
1 27309
3 29108
3 2783
3 19333
2 14545
2 4124
1 7947
3 4457
2 2850
3 22218
2 30093
2 897
2 15284
2 357
1 16458
3 17367
2 26077
2 14072
3 6059
1 12058
1 21688
3 27764
1 28957
1 1817
1 419
3 22315
3 9616
3 11595
2 8897
1 28501
3 2041
3 27978
3 18809
3 654
1 3025
3 22356
3 4341
2 22102
1 31635
1 10953
1 23716
1 23184
3 16194
2 20656
1 9913
3 27652
1 13024
2 26162
1 24234
2 9949
3 3320
1 22300
2 22449
2 18731
1 21781
3 2145
2 18254
2 9570
2 27208
3 4758
3 21443
2 9434
2 6567
2 3189
1 12951
1 23117
1 17608
1 25947
1 22292
1 9308
2 6218
1 20425
1 12489
1 24586
1 21069
3 15335
3 31240
1 11071
1 6389
1 25084
1 5737
1 14150
1 24811
2 23799
1 325
1 11087
3 25563
3 21738
3 19516
1 5870
2 9975
2 14729
2 11696
1 29851
3 4466
2 3247
2 8007
3 15408
2 4870
1 15578
2 3181
3 1390
3 23151
2 4010
2 4303
1 14968
2 7150
2 7270
3 18146
2 23126
2 26567
2 22134
3 9818
2 19315
1 4292
3 10218
3 29363
2 15904
2 8879
1 7154
2 14764
2 7951
