2379 6439
1 14822
3 8767
3 4717
3 7177
2 18720
3 23790
2 862
3 11726
3 3745
1 29345
2 28233
3 18015
2 30363
1 3614
2 6409
2 18298
3 17843
1 5690
1 1583
3 21809
2 13701
3 11873
3 31102
2 32359
1 24863
1 1811
3 19568
2 13654
1 386
1 32353
1 4783
1 6155
1 31268
1 4211
3 3741
2 2279
1 13680
2 6149
2 30157
3 5920
2 20804
2 24294
3 1415
3 14143
1 7026
3 32376
2 26440
1 19360
3 24128
1 4146
3 25920
1 31989
3 31976
2 11809
1 28370
2 25283
2 24600
3 17250
1 27927
2 31715
1 12915
3 11434
3 26460
1 30466
1 27919
1 10431
3 30623
3 19234
1 13301
1 6396
3 3861
2 8214
2 676
3 4561
2 2727
1 1802
1 10382
2 15168
2 6001
2 761
2 5529
2 353
3 26434
2 24885
1 30367
1 5343
2 13599
2 25059
2 8687
2 15225
3 6592
2 12411
3 21450
3 28802
2 12305
2 11341
3 15079
1 21858
1 2482
1 247
1 21743
2 29202
1 29559
3 3824
3 6913
2 17828
1 2537
1 9216
2 32304
3 9912
2 7619
1 965
3 13312
1 29704
2 26742
2 16432
1 21228
1 5341
3 4261
2 25093
1 16099
3 18840
1 32426
3 24927
2 26054
2 19498
3 272
1 28202
1 19436
3 16540
2 16662
2 2215
3 26783
3 30088
3 1842
2 27116
3 21148
1 29853
1 20363
1 15457
2 15510
1 25376
2 11902
1 9284
2 16820
3 12901
1 1307
1 6182
3 526
1 8282
3 1445
2 2412
2 3892
1 2045
1 2069
2 23758
3 10408
2 481
3 11927
3 13019
3 18527
1 21677
2 23052
1 115
3 32579
2 13724
1 28294
3 30540
1 8628
1 22782
1 26575
3 15982
3 17410
2 21174
2 15843
1 31415
1 1781
1 18106
2 6513
2 10071
1 13382
3 27031
1 22622
2 15957
2 11043
1 20714
1 25154
2 12553
3 7342
1 5095
1 19689
2 12447
2 6271
3 15318
1 20691
2 18074
1 26909
3 1168
1 3508
3 15695
2 16521
2 27911
2 7924
2 22630
3 13492
3 6076
3 49
2 23901
3 3075
3 31559
2 16824
1 27652
1 22994
2 25298
1 3344
1 9986
2 27375
3 16030
2 31087
3 11342
3 538
1 17532
2 12355
3 23991
1 25740
3 24661
1 25003
1 31069
1 13933
1 29860
1 2298
1 565
2 10076
1 27382
3 315
3 30857
1 28394
1 5233
1 27048
1 25206
3 6431
1 23114
3 23089
3 9324
3 8948
2 15949
3 26619
2 10674
1 26328
1 11097
2 31198
1 23775
2 22828
1 5601
1 27879
1 28770
1 5318
3 27756
2 2260
3 30458
3 14193
3 22550
2 17562
3 19519
3 3691
1 19725
2 23266
1 19736
2 4838
2 27413
2 11912
2 24642
1 13960
2 11781
2 32539
3 20175
3 32747
1 28231
3 28000
2 27813
1 30494
2 12635
2 20431
2 4347
1 25122
1 19029
3 22291
1 24287
1 20846
2 19035
2 654
3 23987
3 31851
3 16680
3 25812
1 25003
3 28152
2 19851
1 14379
1 17489
3 231
2 32233
1 17169
1 27906
1 11390
2 182
2 3254
1 10606
1 8440
3 9472
3 24958
3 22043
3 13313
1 10981
2 10112
3 22242
1 7486
3 25624
2 778
3 24433
3 706
2 9312
1 19226
3 3015
2 21914
3 537
2 19942
2 18620
3 32322
1 26289
1 25941
2 3190
3 22829
3 28459
2 23428
3 24309
1 834
3 7328
2 8003
1 12936
1 30297
2 21689
1 18581
1 3157
1 30146
1 12854
3 27955
3 31957
1 19135
3 9578
1 17673
3 26709
3 20741
1 25789
1 7863
1 8055
2 21310
2 11561
3 9234
1 18351
1 14218
3 21181
1 28321
2 5062
2 31737
3 8477
1 27680
1 19547
2 787
1 3072
3 4864
2 10333
3 12368
1 12209
1 26341
1 30098
3 21664
2 8590
2 19751
3 4371
3 27365
2 4236
1 12626
1 12237
1 9332
2 13745
2 31142
2 30465
3 17816
3 5272
1 19351
2 25797
3 21006
1 3057
2 8269
2 2178
3 2442
1 13823
1 10533
3 2932
1 13361
1 6424
2 1071
1 2349
2 16156
1 10280
1 16559
2 14354
1 10460
1 4910
1 13212
1 25052
2 15856
2 26557
3 7203
1 11288
1 9552
2 380
1 6181
3 12455
3 15590
1 19111
2 26805
3 26175
2 17936
3 19596
2 1691
2 22760
1 25120
1 4111
2 1748
1 12929
3 24284
1 20007
3 20239
2 4920
3 21246
3 28766
2 6705
2 14869
2 2740
2 24916
2 19667
3 32112
3 17441
2 11581
3 6591
2 4982
1 15322
1 29279
1 30326
3 10920
2 2410
1 8597
2 24492
2 21084
2 19407
1 3791
2 28106
2 13114
3 9723
2 20879
3 14700
1 6080
2 2900
3 30061
3 4065
1 17599
2 23604
3 31380
1 30638
3 8668
2 21098
1 9794
1 1290
2 12816
2 15799
3 9036
2 32355
2 23591
2 4177
1 29337
3 20696
1 837
3 15204
1 11170
2 21693
1 28508
2 23436
3 3320
3 25115
2 1464
3 13660
1 23742
1 13613
1 20851
1 474
3 6442
2 8931
2 23553
3 2816
1 30984
1 7523
3 21926
1 6205
1 15416
3 2179
1 3578
2 10994
1 19499
2 24145
1 15468
2 2806
1 11370
3 9099
3 6332
2 8978
2 15119
2 11303
1 17280
2 11653
1 16713
1 12236
1 32416
3 12418
2 21468
3 11863
2 13786
2 19117
1 927
1 9303
1 22334
1 20385
2 24060
3 3985
3 31667
3 13421
1 15732
2 17277
2 24432
1 19474
2 27161
1 3528
3 10884
2 21511
1 2578
3 10960
2 2383
3 20662
3 25114
3 2602
1 5383
1 14844
3 26113
1 25375
3 3124
3 30637
2 6442
1 6442
2 23347
1 11789
1 16139
1 28796
2 29879
2 23128
3 23472
1 4729
1 31299
1 16187
3 1080
3 25145
2 13490
1 8536
2 32598
3 8456
3 23727
1 21446
3 13777
3 25317
1 13117
3 5263
3 29445
1 21255
3 27185
1 14640
3 30048
3 18515
1 23731
2 11037
2 20198
1 10727
3 6080
1 13371
1 5550
3 9107
3 12971
2 7011
1 25698
3 10842
2 30615
1 4325
2 10947
1 20726
3 23550
3 27395
3 20002
2 27729
2 18734
1 12914
3 6632
1 2061
1 13511
3 32477
3 15
2 11004
2 2366
1 9058
2 10663
1 27560
2 24157
2 11026
1 22354
3 21709
2 448
1 9589
1 4552
1 6619
2 20314
1 17156
2 10836
3 7029
1 23022
2 16813
1 2901
3 15348
3 25494
2 10579
1 22718
1 996
3 9791
1 22604
3 24726
2 5765
2 27691
1 24545
1 23417
1 30283
1 30830
1 12496
2 32021
2 6495
3 16242
1 6093
1 21678
1 19996
1 28532
1 2557
1 32154
1 28563
3 18692
2 16762
1 8133
3 27144
1 18312
2 10707
2 16431
3 3955
3 6585
1 7305
2 24937
2 15360
2 27172
2 28050
1 29724
3 19086
3 30635
2 18393
2 6017
1 22835
1 32258
2 22972
1 10730
1 23991
3 28211
1 20877
3 10552
1 2581
1 30490
2 10770
1 25443
2 254
1 24041
1 18182
1 30454
3 23125
1 9893
3 24981
1 9103
1 30643
3 3239
3 17635
2 27235
2 10469
2 19229
3 23174
2 32440
1 8297
2 13702
2 1799
1 1641
1 14325
2 8249
3 22118
1 10854
2 1264
2 6367
2 30867
3 30514
2 15607
1 28404
2 3573
1 3427
2 27225
3 3146
3 17382
3 8741
2 28827
1 7558
2 16693
1 20407
3 24821
2 2721
3 25251
3 13804
3 7891
3 16232
2 18279
1 27308
2 21589
3 17405
1 11691
3 14961
1 14032
3 9555
1 7948
3 14538
1 6986
2 11702
2 27933
1 8411
2 23298
1 27969
3 32229
3 1498
2 2022
2 4710
2 26716
3 21396
1 28954
3 4714
1 24818
1 7910
1 30584
1 8678
2 30216
3 17989
3 12811
2 32071
3 7285
2 25143
3 25234
2 334
2 3075
2 1495
3 14852
3 5009
1 27632
3 20309
3 27910
2 23288
1 20333
1 18547
3 6262
3 18497
1 546
1 5897
2 30180
3 28285
1 9383
2 32130
1 24595
3 11153
2 6412
1 11101
3 10108
3 8374
3 16211
3 23981
2 14028
3 31481
2 497
3 20377
3 1889
1 3003
1 12881
2 31453
3 26065
2 12594
3 13648
2 10311
1 1635
1 3814
3 32706
2 20539
2 27027
2 5685
2 25324
3 19247
3 4243
3 24272
2 10504
1 21039
3 453
2 20283
2 452
2 20315
1 7490
3 5457
1 16067
1 32356
1 16726
3 28350
2 24602
2 23827
2 16129
1 16771
2 28884
3 27586
1 7799
2 1142
3 13167
3 15840
3 13217
1 30655
2 7772
1 23153
2 666
2 11612
2 10371
2 27788
2 29747
1 24989
1 26045
1 17372
2 23152
3 9129
2 29529
1 9504
1 17672
1 19960
3 13463
2 27306
2 9705
2 20182
2 24368
1 29923
3 17842
3 16615
2 22476
2 27334
2 2103
1 21405
3 24202
1 19041
2 256
3 963
1 2940
2 18775
2 22474
1 9206
1 6952
3 1377
3 32005
1 13606
1 2824
3 1224
2 11860
1 3866
1 1547
3 1772
2 19216
2 22761
2 8466
1 9408
3 30918
3 20866
1 26483
1 16715
1 6068
1 26661
3 14202
1 18985
3 1872
1 9448
3 28387
2 18441
3 15041
2 24883
3 26465
1 16173
3 7524
3 20547
3 17178
3 24556
3 18248
3 22443
1 2344
3 1843
1 434
3 14286
2 4634
3 3839
3 7066
3 1126
1 17521
2 28389
2 3628
1 27905
3 8484
3 11403
2 29000
3 21887
3 8220
3 7212
3 16386
1 16021
3 23737
2 28952
1 27939
3 32333
3 4683
1 7729
3 18342
1 18564
1 26777
2 1647
2 12092
1 1898
3 4190
1 32093
1 6345
3 1029
1 12230
1 6042
3 25316
2 24239
3 7926
3 19289
3 31323
2 22419
3 29826
2 24801
1 20140
3 26420
2 25076
3 13070
1 5773
1 9958
3 24652
2 16334
3 25702
2 2387
3 11386
3 2213
2 2770
2 25336
3 5094
1 17193
2 20769
3 17061
2 4328
2 22919
1 30681
2 6656
2 14160
2 15100
2 3376
3 13826
3 28896
1 31836
1 4499
1 1913
1 2509
1 18575
2 27683
2 15236
3 3394
1 8463
1 12082
2 9243
3 29148
1 28268
2 11466
2 28804
3 5679
3 24776
1 23335
2 13791
1 3391
1 8283
3 2360
3 18331
3 15112
3 19951
1 25378
3 24574
1 16631
1 21349
1 18109
3 6305
1 14959
2 1071
1 26645
2 13041
2 18757
2 3540
1 17898
1 12464
2 29252
1 14448
1 28208
2 15474
1 18858
2 30513
2 4752
3 25121
3 28584
1 18650
1 27877
3 6009
2 23782
2 26691
2 29632
2 5260
2 32509
3 19672
2 24293
1 31807
2 9468
1 31510
3 31691
1 21707
3 15331
1 9489
3 21024
2 20541
3 23339
3 6896
3 6210
3 25847
3 8508
2 2927
1 30663
3 13869
2 24565
3 5213
2 8695
3 19560
3 6440
1 8988
3 13389
1 7687
2 19226
1 9507
2 27897
2 26553
2 3336
1 2175
1 12128
1 21763
1 31645
1 3149
1 22683
2 30912
3 30077
1 24898
3 25588
3 5533
2 10174
3 6692
2 24428
1 13977
2 27241
1 27726
2 12344
1 6027
2 27901
3 16432
2 10047
2 23963
1 13036
1 4556
1 26013
1 8135
2 24604
3 8506
1 4388
2 16224
3 21863
1 29477
1 22741
1 4235
2 7452
2 8524
2 18795
2 21185
3 10108
2 31490
3 29137
3 31055
1 22334
3 30127
2 22439
2 17366
3 24075
1 27980
3 15297
3 9932
2 26882
1 13547
2 11944
1 1018
1 7477
3 30508
1 29975
1 13052
2 25643
2 26313
3 15487
2 22979
1 2140
2 16139
3 8068
1 5398
2 8632
3 5203
3 31357
1 28941
2 21024
1 29842
2 4088
3 12693
2 20971
1 22481
2 32051
2 27375
2 19554
1 24746
1 32420
1 27185
3 3141
3 27852
2 1139
3 28099
1 30788
1 30076
2 5883
1 11747
2 24455
1 16398
3 2892
1 13602
3 5670
2 24176
1 1963
3 2276
1 25009
1 32672
1 22545
3 8676
2 13738
1 4145
2 4776
3 13486
1 16390
3 10954
3 3153
1 18979
3 17839
2 22695
3 7457
3 10232
1 20229
1 8725
2 13535
1 2360
3 9304
3 28410
1 16263
3 9917
1 6768
1 14155
3 22986
2 4027
3 12038
2 917
3 21900
3 21046
3 30024
2 15733
3 3685
3 29574
1 21080
2 20511
1 3617
2 14554
3 2509
1 6363
1 320
2 16306
1 6705
3 10114
2 31606
3 26211
2 27010
3 20230
1 3116
1 1176
1 16818
2 1512
2 8957
3 29643
2 7462
2 5824
3 17466
1 26576
1 17210
3 8376
1 3430
1 5962
3 13499
2 26641
2 2491
1 13364
1 26732
3 30364
2 22179
1 13401
2 22402
3 3138
1 6208
3 27100
3 23080
3 24446
3 15845
2 27570
3 21500
1 11741
2 5786
1 20003
1 12432
3 7301
2 13724
3 11084
1 12266
3 26795
3 9946
1 31648
2 772
3 26651
3 29562
3 15970
2 14412
2 22964
1 30290
2 29228
2 30757
1 1513
2 111
2 23916
3 4453
2 12097
1 19857
3 9954
3 21973
1 21208
3 18605
1 15907
2 18100
3 14556
3 8298
3 5145
2 4404
3 21777
3 11172
2 9089
1 23291
3 30542
3 7660
1 18795
3 24227
3 19453
1 3078
2 28093
1 22587
3 11422
2 16490
2 31665
2 16836
2 16453
3 24516
3 10834
3 24500
3 27672
1 23924
2 5379
1 7543
3 5074
1 16398
2 9208
3 14825
3 10818
2 13786
1 17595
1 17373
1 4557
3 31062
2 29352
1 26265
3 19688
3 1455
1 3953
2 1624
1 32414
3 6988
2 2972
2 11462
3 15120
2 5187
3 24320
1 17799
2 10224
2 2274
2 20811
2 10929
2 27909
2 17447
1 4735
2 334
3 29867
1 2120
3 9072
2 26075
2 31824
2 9005
3 3656
2 26827
2 29943
3 21232
1 28419
2 23301
1 13241
3 31332
2 19443
3 27233
2 29247
1 9611
1 15933
3 3631
2 8009
2 24094
3 27226
2 17328
3 32554
3 20489
1 18584
3 6811
1 7242
1 15852
3 15766
3 4506
3 1955
2 17820
3 715
3 17098
3 26948
1 29856
1 24320
1 24639
2 24785
2 11444
3 11985
3 125
1 13825
3 22601
3 15664
2 15104
1 22815
1 28419
2 27618
3 5301
1 13193
2 19002
1 11264
3 15487
3 18484
3 18810
1 18039
2 6067
3 9254
3 18179
3 29833
1 7835
1 7930
1 23625
3 18506
3 2295
2 27488
3 30325
1 25891
3 19064
1 30619
3 15074
1 2130
1 24387
1 7681
2 15264
2 24936
1 26740
1 9598
3 31733
2 15050
2 6296
2 4625
2 17623
1 29233
2 28722
1 17741
1 18804
3 16682
1 18999
1 28377
1 7082
1 21911
2 14482
3 19697
2 28815
1 14892
1 12449
3 15587
2 13546
1 3826
2 1974
1 7059
1 29112
3 4551
3 16278
2 30200
1 169
2 30428
3 8958
1 2460
2 4256
2 4406
1 12825
2 5408
3 31286
3 19246
1 24331
1 30901
3 25655
1 28401
3 6761
2 9892
1 14371
2 16128
3 12222
1 25543
2 26287
2 24241
1 29192
1 22542
2 31810
1 2732
3 14393
1 28411
1 1400
3 8559
2 10679
2 2086
1 17314
1 31691
2 23260
3 30650
3 12612
1 5476
2 14711
3 22261
3 22166
2 1333
1 18761
1 9388
3 28163
3 17930
3 12424
3 13766
3 22701
1 20228
2 5215
2 30140
1 25319
3 31769
1 17772
1 30495
1 22714
3 18065
3 15426
3 21522
2 27233
3 19850
3 26085
3 24267
1 24781
1 11893
2 16464
3 8726
1 8737
2 11670
2 18162
1 12755
1 1591
2 11912
3 12076
2 19315
3 31513
3 31927
3 29908
3 18047
3 31112
1 25572
3 14006
1 21777
1 18809
2 6308
2 25358
3 5208
3 5779
2 28897
3 13327
3 27928
3 21683
1 27736
2 31840
2 17448
2 29801
1 3354
1 17305
1 31475
2 26488
2 11
1 13002
1 16375
2 30041
1 5478
3 20724
1 12105
2 24504
3 2359
2 3982
1 17167
1 22261
2 7135
3 9986
2 5124
2 16036
1 31379
2 17197
2 27128
3 16910
1 30685
3 32738
1 7246
3 14511
1 5146
1 13672
2 17020
3 23222
2 22010
1 5367
2 13454
1 17800
3 29444
2 5439
3 23459
3 20540
2 18447
3 12002
1 21102
3 12320
2 8650
3 26869
2 21942
1 27955
1 21813
1 13699
2 1239
3 9897
3 10277
3 7689
3 29247
2 10090
3 2500
1 16379
3 1010
3 19091
1 6927
1 6461
2 9223
1 12276
3 1878
2 9387
1 16680
3 16529
1 11455
2 18066
1 7958
2 801
3 5316
2 2357
1 30498
2 16529
1 15536
1 10569
2 26805
3 30850
1 11814
1 29305
1 14793
1 9671
2 26522
2 27619
2 26478
1 21224
1 5334
1 21656
2 1606
1 32417
2 6007
3 28704
2 29449
3 20580
3 24429
1 8948
3 21250
3 7379
3 4990
3 24322
1 25744
2 14919
1 2500
2 24621
1 8102
3 9548
2 4138
3 14538
2 9803
1 29986
2 1267
1 11812
1 1307
3 8254
1 16179
2 25849
1 17348
3 4294
3 18260
2 24059
3 17802
1 2329
3 24466
1 16976
1 31171
1 22597
3 23679
2 18
1 23643
1 24206
3 19840
3 14032
3 18002
2 25070
2 30031
3 29706
1 3641
1 12944
2 4727
3 16313
3 30905
2 8020
3 30683
2 30917
3 30988
2 14926
3 29999
1 397
3 16769
3 27974
2 3964
3 15459
3 9212
1 24121
1 2465
2 22541
1 17012
2 9175
1 15565
2 27717
3 3956
2 18947
2 16646
1 26170
3 7834
3 9815
1 26021
1 17677
2 17691
2 31901
1 31191
2 9813
1 2621
3 29526
1 25886
2 8859
2 26587
3 22583
2 4046
2 31198
2 23269
3 13479
1 7056
3 4112
1 17374
1 12867
1 27619
3 14744
3 5980
3 20314
1 32406
3 22478
3 24203
2 25457
3 5198
3 17794
2 1962
3 29632
3 10502
3 4981
1 1676
2 22451
3 15499
2 5342
2 17689
1 11626
1 27388
1 15334
2 25547
1 7738
3 21840
3 17965
3 18993
1 29482
1 22991
3 14659
1 1903
3 31094
2 7320
1 12079
1 699
3 14095
1 24602
2 29420
3 31714
1 28441
2 11674
2 27879
1 23489
3 30315
2 19891
2 24450
1 21709
1 22547
1 4305
2 29588
2 21388
3 18896
1 26550
3 5351
1 16153
2 28822
3 19446
1 7864
2 2468
2 29965
3 30842
3 22587
1 4335
1 26642
1 29184
1 16660
1 20178
1 30517
2 24473
2 11743
1 22968
2 28985
1 13098
1 13481
1 13600
2 6808
3 8683
2 26997
3 29213
2 20988
2 27883
1 27320
2 8150
3 1222
2 31115
3 15837
1 3079
2 29579
3 14846
2 31681
2 21374
2 18066
2 26064
3 19768
3 17055
1 29272
1 603
1 14215
2 1504
3 27660
3 15187
1 14567
2 10829
3 11795
2 2876
2 13577
3 28166
3 3205
3 13295
3 12684
1 24764
3 22958
1 1816
2 25225
1 21560
1 23182
1 32443
1 1800
1 7380
1 2905
2 9642
1 5511
2 8703
2 13304
3 20496
1 14458
3 16061
3 19591
1 9194
2 6854
3 29221
3 12756
3 29065
2 1093
1 24546
2 10726
1 23570
2 17989
3 8371
2 14452
3 20989
1 30729
2 25322
3 17257
2 21913
2 839
3 23280
2 1895
2 5510
1 168
1 960
2 23617
1 21818
2 25675
2 12136
3 18816
3 9597
3 31298
1 26507
1 27359
1 27884
3 13075
2 7650
3 9422
3 16506
1 16440
2 11446
2 10482
3 3050
3 159
1 10087
2 19108
3 2647
2 15659
2 31464
1 9070
2 3757
3 13618
1 24129
3 1937
1 7213
3 31485
1 4875
2 19074
1 20204
1 8267
1 30200
2 21352
2 5204
3 13007
3 24393
2 416
3 13218
3 2221
3 21333
3 24889
3 9830
3 23808
3 777
1 12152
3 16647
1 15447
2 7266
3 12117
3 11068
3 16691
2 27381
1 19964
2 10388
3 8331
3 18536
1 5965
3 12527
3 1608
3 23798
1 31324
3 22786
3 16841
2 12271
1 24050
3 2775
3 16993
3 2101
3 1290
1 3658
3 25556
3 7360
1 17237
1 24974
3 2781
3 5403
2 439
1 24998
2 4523
1 23013
1 4807
3 17132
1 1120
2 13649
2 22355
1 22926
3 11664
2 17318
1 13018
1 12812
3 29384
1 13248
3 20496
2 31163
1 260
1 22413
1 13661
2 14149
1 18744
1 1169
1 10590
3 21286
1 19656
3 17506
1 26467
3 28720
2 14864
2 21805
3 9199
3 5129
2 22749
3 31279
2 24891
2 8104
3 18162
1 7228
1 5043
2 6107
1 1156
1 14908
1 5752
1 15812
2 20669
2 10665
2 28636
2 30551
1 22077
3 10003
1 26090
2 2014
3 10132
1 13980
3 25307
3 6261
1 3018
1 21628
1 10657
2 4238
2 6872
1 30077
1 23136
2 15982
1 10796
2 22400
2 18160
2 20399
3 2345
2 8695
1 5981
1 6588
2 3492
2 22121
3 15975
3 12888
3 28776
1 4338
1 15874
1 22551
3 31155
1 6336
2 15319
3 10978
1 32182
2 16534
1 26049
1 13432
3 10521
2 5964
3 9809
3 16616
1 7541
2 26702
1 10571
3 1816
3 24024
3 3097
2 12326
3 8513
1 2885
2 2241
3 13968
2 21872
2 28977
1 621
3 26344
3 11782
3 25096
2 31705
1 24258
2 25145
3 25509
2 26324
1 17254
3 3730
1 11229
1 1216
3 9809
3 15725
3 27893
1 5908
1 14770
2 16252
3 29223
3 24541
1 21743
3 21572
2 3106
2 29240
1 18718
2 8862
1 19847
2 21210
3 1420
1 311
2 5996
3 26761
2 3129
1 3857
1 30173
2 15520
2 13914
1 7167
2 19542
2 2959
2 18646
1 24877
2 21066
3 9560
1 22730
3 2454
2 24479
3 7699
3 5
2 2700
3 2351
1 20075
2 24972
1 19508
3 3401
1 9247
3 32279
3 8711
3 4142
1 17026
3 22673
1 4946
1 10388
3 29436
3 27292
2 29622
1 15399
2 25990
1 26892
1 19369
1 11267
3 16690
2 22631
2 4339
2 20795
1 1184
3 29036
1 12082
1 18773
1 13962
2 21896
1 24663
2 4812
1 26169
3 4962
3 21799
3 31117
2 31758
1 31569
1 11706
1 21370
1 23034
3 17376
2 16895
1 3306
2 19462
2 32337
2 14903
3 1318
1 18636
2 23319
3 30581
1 15086
2 507
1 15962
3 19492
3 18674
3 17624
3 9335
1 1153
1 12889
1 10936
1 22141
1 16157
3 32574
2 6534
3 28338
2 5469
2 10542
2 5187
1 11532
2 5113
2 22443
1 23425
3 7096
2 896
1 27820
2 24039
1 918
3 210
1 24859
2 30897
1 12475
1 26021
1 29014
3 2093
2 1774
2 257
1 6574
3 18494
1 26155
1 8132
2 25323
3 1244
1 24356
3 25887
3 32453
1 6803
1 14266
2 29462
3 13420
2 18176
1 16264
2 25348
3 7426
3 18775
3 29785
1 3604
1 12316
1 21216
2 30381
3 9674
3 8261
3 18292
3 20024
1 7288
1 1915
3 19973
3 32355
2 24009
1 25519
1 12564
3 27337
2 22330
3 25417
1 3897
1 3003
3 20635
3 418
2 23454
1 29373
1 5267
3 29576
1 11908
2 7942
3 26905
2 25534
1 26044
1 8707
3 22524
1 32633
1 5423
2 5077
3 18268
2 21220
1 18264
1 22479
3 25134
2 30109
3 3524
1 12537
2 20668
2 1846
3 24985
1 9872
1 16675
2 31669
3 21516
2 14468
3 16339
1 14356
3 3817
3 25592
3 24595
1 32449
3 9487
3 30661
3 13434
1 11295
1 13041
2 14583
1 6007
1 17156
2 20246
1 22350
2 17353
3 18745
1 19098
3 12735
3 15624
1 29693
1 16811
1 27377
2 2075
2 9346
3 31757
2 19904
1 13247
2 13422
3 7575
2 446
1 12551
2 4699
1 9907
2 4012
1 31702
2 11864
3 17633
1 13829
3 4966
1 13926
2 29493
1 3444
2 17093
1 8955
3 27349
1 32089
3 14674
1 4994
2 25468
1 72
2 29509
2 31450
1 9209
1 14474
1 29220
2 7123
1 25265
3 21658
1 17743
1 21940
1 30233
1 17321
3 25205
2 16567
1 21820
3 14874
1 19996
2 6795
3 26683
3 1543
3 5149
2 721
3 10440
1 13242
3 4134
1 1952
2 4778
2 565
1 1590
1 513
1 25661
1 10155
1 2853
3 17012
2 12015
2 26116
