2408 4871
1 2016
2 11340
2 11139
3 17380
3 19117
1 8866
1 25833
1 13713
3 18859
2 4834
1 25828
1 19240
1 14804
2 23240
3 31
1 20394
1 5924
2 30517
2 17290
2 10363
2 27419
3 32432
3 17110
3 6113
2 9023
3 11234
1 30458
1 3977
1 30616
3 30745
3 11441
1 4865
1 24883
1 17863
2 761
2 10815
3 8352
1 6912
2 31126
1 25624
2 21619
1 27647
2 3981
3 26826
2 8134
1 30113
1 29097
2 7283
2 24758
3 10216
1 14585
3 20888
3 30434
2 8314
2 14672
1 2975
2 6639
3 13600
2 24516
3 20821
3 16390
3 3655
2 8496
1 3944
2 5204
2 20866
3 30898
1 2798
1 32137
1 23558
3 30253
3 25564
1 13402
1 3373
1 23752
3 10128
1 27135
1 8435
3 20845
3 29512
1 32438
1 6780
3 6475
2 9897
3 18494
2 16012
3 26709
2 9785
2 26717
2 7693
1 16320
2 11749
2 13146
2 12429
2 23689
1 13180
2 9859
1 32446
2 13805
2 22833
3 28329
1 23796
2 3055
2 28701
1 32415
3 13738
2 1493
3 2747
1 13758
2 25598
1 24747
3 8042
2 5732
2 7728
3 11711
1 15086
3 3185
3 28710
3 8483
2 17136
2 17353
1 17899
1 28719
2 18553
1 3796
1 1580
1 16380
2 27259
3 23809
3 15546
2 9194
3 18505
1 16702
2 21771
3 11291
1 1049
2 2178
3 25784
1 1013
2 21897
1 24644
2 1536
2 8356
2 11287
3 3329
2 16964
2 32661
1 25000
3 12474
1 3209
2 29948
2 32002
3 8563
3 19449
3 2640
2 1106
2 20405
1 30306
3 27850
3 24487
2 15629
2 15030
2 27625
1 19316
3 651
2 15241
1 2033
2 23314
1 26435
2 22934
1 4199
3 2876
1 1744
2 3643
2 21142
1 25745
2 1996
1 22008
1 22542
1 11798
2 25177
3 10996
3 13599
2 12209
2 13979
3 3960
1 26467
3 1199
3 13116
1 10353
1 17457
3 32319
2 3047
3 26610
1 30507
2 5620
3 32717
2 18352
1 4273
2 28743
3 28707
2 4997
2 9323
3 28435
1 1697
3 17390
3 30659
3 21527
1 27653
1 26765
1 16488
2 29560
2 3726
1 8871
1 29389
1 30268
1 30850
2 12198
2 8360
1 11472
2 13993
3 920
2 26483
3 29059
2 20175
1 29615
1 28398
3 6921
2 17989
2 28863
1 30620
3 32505
1 14433
1 20932
2 31041
1 1102
1 31994
2 11865
1 20842
3 17898
2 24300
2 18753
3 485
2 17678
3 25242
2 2786
3 32581
1 11236
3 7271
2 3013
2 3935
3 8182
2 5948
2 12056
2 14288
1 9396
2 19205
2 19756
2 15477
1 3569
3 9012
1 28151
2 11760
2 614
3 5437
2 5011
3 2090
1 3630
2 18200
2 5309
1 24780
1 17736
2 17858
3 1878
1 9668
2 30233
3 19388
1 15078
1 27591
2 27624
2 6026
3 17172
2 19657
1 16735
3 21045
1 4655
1 22150
3 17168
2 1482
2 9129
3 2301
3 25070
2 9177
2 13975
3 25839
1 13776
3 7159
1 6194
2 2661
1 4082
2 573
2 32344
3 26407
3 7539
1 17862
3 29196
1 30022
1 6616
3 30516
3 18929
2 2451
1 4487
3 7980
2 13523
2 12837
3 13389
2 9429
3 21535
2 9431
3 14297
2 17501
1 26214
1 15815
2 19007
3 5493
3 478
3 3545
2 5238
2 8656
2 24289
2 31026
3 19674
1 2983
3 12908
3 26045
1 22954
2 17464
3 6305
2 31146
3 907
2 21059
1 3910
1 27113
2 14340
3 10379
3 67
1 22707
1 23552
3 3163
3 23591
1 17410
1 11855
2 3071
2 17572
2 1044
3 14884
3 1350
3 18191
2 23020
1 22936
2 15367
1 9953
2 3537
2 18470
3 153
2 14393
2 7629
1 17710
1 26201
3 19031
3 31791
3 18035
3 2599
3 8738
1 24074
1 15004
1 26857
1 1187
1 6580
3 23478
3 17928
2 20872
2 5447
2 4528
3 8686
3 11682
2 17699
2 25822
1 16526
2 15719
3 14954
3 119
3 16348
3 28529
2 16771
3 17687
2 15952
2 22269
2 4248
2 27453
1 4455
2 5741
3 1560
3 13774
3 3106
2 22982
2 30517
3 13457
3 21894
1 24883
3 3687
3 5809
1 20250
3 7040
1 14823
2 3390
3 2924
2 20640
1 10805
3 15788
1 21644
3 23592
2 24722
2 17490
3 17039
3 30673
3 19847
2 18156
3 25102
3 5626
1 32604
3 5913
1 27300
1 19491
3 24738
3 25822
2 1396
3 19827
3 1706
1 290
2 9120
2 30003
2 4108
3 12336
1 25811
3 24913
1 4897
1 3128
1 3512
3 7390
1 7304
3 30670
1 3712
3 23185
3 15781
3 8297
3 6497
1 16194
3 11037
3 4325
3 18706
2 15471
1 27483
3 21505
2 22351
1 31418
3 5391
2 9954
1 25435
3 21608
3 7594
2 15247
1 18553
3 24548
2 14307
1 2931
3 1138
1 2618
2 16949
1 14814
2 11794
2 16797
3 17758
2 1668
1 31659
2 12258
2 737
3 20476
2 22929
3 1282
2 4997
1 9794
2 4252
2 20892
2 5589
2 27958
3 31913
2 29041
2 27806
1 3867
3 21273
1 1510
1 3443
3 16152
2 31056
1 133
3 24364
1 19386
1 27447
1 15740
1 10339
1 369
1 12731
3 11804
2 3574
1 7439
3 26956
1 4955
3 8584
2 20044
1 22623
2 18515
2 32768
2 19012
1 5612
1 7361
2 8
2 28150
3 16368
1 16264
2 28815
2 28871
2 16877
1 14635
2 26439
2 9982
2 11109
3 30294
1 7976
2 21574
2 5731
3 25173
3 26347
3 3631
2 7666
3 4507
1 8080
2 11949
3 25763
1 31805
3 19161
3 22168
2 11019
3 18548
3 10701
2 42
2 30275
1 9503
2 27446
2 8579
3 18022
1 13375
3 27170
3 24360
2 23831
2 1401
1 31846
1 20096
1 5113
1 8343
2 20758
3 18518
3 17204
2 8199
3 24334
3 19290
3 14327
3 23387
1 25453
2 28320
1 15088
3 8647
3 28693
2 25632
1 9942
3 1190
3 2604
2 2868
2 3808
2 12789
2 22685
2 4893
1 30027
3 24278
3 25240
3 11645
3 4567
3 16911
2 24078
3 20702
1 10314
3 7817
2 3638
1 2858
1 28396
3 24017
3 12811
1 25650
1 1290
1 15002
1 716
3 20520
3 31092
1 31545
3 17018
3 12836
3 24831
2 15400
2 23133
3 28322
3 32003
2 19075
3 2432
2 3586
1 29149
2 3726
3 9008
2 28423
1 3438
1 1581
3 23937
2 2393
1 7578
2 20331
2 12233
1 16387
3 22219
1 17140
3 16675
2 17397
2 19052
2 7834
1 26349
3 1667
3 28014
2 16340
1 13130
3 15332
3 11974
3 28218
2 5025
1 28085
2 7660
3 13834
3 32540
3 7540
1 8542
2 21158
2 13610
2 30469
3 15643
3 10516
1 3070
1 4911
1 26921
1 21117
2 20238
1 18976
2 30735
3 13998
1 11668
1 5605
2 3419
2 13978
1 14608
2 1267
1 9246
1 26326
2 29636
2 15521
1 9579
3 23068
3 28471
2 2988
3 3804
3 31689
1 31411
1 3249
2 10509
3 31326
2 25031
1 22710
2 19998
1 16899
3 15045
1 18850
1 16437
3 1791
2 17733
2 19649
1 4090
3 24641
3 22688
2 17729
1 4889
3 29147
1 25206
3 32439
1 27332
3 10113
1 29992
3 12186
2 6703
1 32526
2 26207
3 3015
1 11538
1 25344
2 32132
2 26364
1 28202
1 5367
2 12869
3 26461
2 11704
1 10298
3 31510
3 18417
2 6144
2 3122
2 11182
2 11046
2 7115
2 9964
3 25478
3 32073
2 24806
2 32667
2 3165
1 26383
2 20129
2 30996
2 26807
3 20496
1 8784
3 7249
1 12889
3 28998
1 5582
1 29423
2 18639
1 30610
1 5621
3 29104
3 28646
2 13879
3 2343
3 29433
3 7730
3 26973
1 9673
1 16724
1 23433
3 2191
2 22722
1 12784
1 12166
2 10558
2 15360
2 20252
1 8199
1 28988
3 7411
1 4816
2 16304
1 6465
1 4881
2 12580
2 19558
1 32618
3 9808
3 29398
1 24020
1 18869
1 1455
2 8137
2 9193
3 6278
1 19885
2 31105
3 13656
1 18725
3 24272
1 17831
3 28183
2 18493
2 17440
2 26763
3 24033
2 29790
1 10665
2 3997
1 18100
3 4221
2 25341
2 27635
1 11091
1 18031
2 431
3 31943
3 28101
1 14705
3 31705
3 27126
2 32212
3 10403
3 25239
3 28290
3 6031
1 8585
2 10377
2 21264
1 4552
2 17033
2 30805
1 30827
3 15511
3 3439
2 6947
3 29183
2 20437
3 18923
3 28448
2 12383
2 27042
3 30738
1 28156
1 15295
3 7392
1 21209
3 17260
2 32379
3 4022
1 25246
3 29608
1 8078
1 10766
1 8095
2 4589
3 27931
1 21526
3 9344
2 1788
2 22248
3 17603
3 28873
1 26521
1 30942
2 24649
2 15205
2 23309
2 13707
2 9892
1 21797
1 4517
2 24736
1 12819
2 6971
3 19249
1 31091
1 17816
1 31167
3 28038
3 30078
2 27513
1 32302
2 11005
1 6878
2 9154
3 31206
2 14577
1 27349
2 8896
3 13483
3 5701
1 7241
2 8071
3 12069
2 25051
1 9794
2 12910
2 30048
2 16670
3 23152
3 17294
3 330
1 22137
3 4002
3 2374
2 11576
3 18397
1 23632
3 5818
3 13922
3 21823
1 24850
3 31311
1 20322
1 32536
2 8999
2 27696
3 17082
3 15588
3 30447
1 3277
2 9547
1 17316
3 31345
3 13142
1 6366
2 23643
2 8150
1 19524
2 7838
2 19092
1 18412
2 18385
3 31132
3 17115
3 27812
2 6268
3 8522
3 28991
2 23445
1 16774
2 17409
1 4055
3 118
2 30071
2 22907
3 3386
2 16296
3 17561
2 17753
2 17157
2 24746
1 23419
1 2463
2 15449
2 2210
2 20848
2 2355
3 3162
3 17627
1 1805
2 23137
2 13489
1 9537
2 5295
2 10586
1 7179
3 26343
3 18675
2 10928
2 5272
3 11906
1 14140
1 7644
2 29324
2 21227
3 22065
1 24504
3 12962
1 14241
2 11836
2 3334
3 12436
2 14148
1 6156
3 13543
1 28068
1 7707
3 2835
1 7012
3 26391
3 13455
2 31753
2 3049
1 31924
3 22958
1 19303
3 15300
2 26441
2 11689
2 17389
1 15531
1 16166
3 19543
2 10525
2 32563
1 4768
3 6064
3 21949
3 25946
3 3216
1 4690
3 27225
1 25854
1 10961
3 18943
1 3007
2 14947
2 1222
2 21020
3 12673
2 10929
3 8658
2 20020
1 1142
1 22132
2 24541
1 3187
1 19769
1 7195
3 27094
2 12332
2 29353
1 2681
3 15915
2 27732
2 2152
3 25415
1 17746
2 19973
1 27996
1 11679
3 30788
2 5883
1 31280
1 22659
2 5885
2 10266
1 16340
3 27988
3 28414
3 31718
1 22009
3 21083
3 12747
3 12553
1 14742
3 7492
2 23405
3 9425
2 15206
3 30109
1 10480
3 7599
1 32359
1 1884
1 7910
1 1466
2 1629
3 1367
3 8163
1 13610
1 22093
1 15305
2 4863
1 19677
1 7938
1 13011
3 6743
3 8405
3 32139
1 24825
2 22924
1 12984
2 18875
1 28065
2 19522
1 15438
3 29864
3 920
2 11427
2 18951
3 30509
2 13196
3 27097
1 25971
3 20584
1 26259
2 11927
2 20424
2 5180
1 24739
3 30609
3 19551
2 2512
3 21271
3 14848
3 31543
2 23054
2 32561
3 6687
2 17265
1 20005
3 26770
2 12720
3 19922
3 7688
2 6083
1 26232
3 3908
2 20204
1 27824
3 20671
2 25429
3 8654
2 296
1 12753
3 14006
1 4587
3 7006
1 31359
1 16830
1 25414
3 12395
1 24990
2 21221
1 16677
3 30410
1 2695
2 10569
3 27796
2 2266
1 15254
3 24364
3 31457
1 5983
2 9387
1 25716
2 9246
2 11266
3 13740
2 2346
3 8611
1 31692
2 1281
1 6139
2 7305
3 18863
2 17942
3 186
3 11312
3 22782
1 20445
2 4828
2 25785
3 28656
1 13129
1 18427
3 30093
2 27168
1 25044
3 7764
3 22484
2 23312
3 25594
2 840
1 3327
2 16545
1 8124
3 19935
2 27967
1 17820
1 12062
1 18752
2 1547
3 5165
1 18089
1 20282
2 2207
3 14435
1 11242
1 29375
2 18551
1 4786
2 15345
3 14947
1 18904
2 23152
1 467
3 27361
1 24647
1 12379
3 23848
1 24982
2 23823
1 16657
2 14477
3 32517
3 19904
1 30615
2 20515
1 8529
1 19114
1 16339
1 2063
3 11974
2 21862
3 22802
3 21240
2 12369
1 18254
2 14467
2 10380
3 31747
1 20481
1 31674
1 3067
1 28562
2 992
3 27437
2 8826
1 15064
1 31379
2 3258
2 22978
1 14929
1 32132
2 17952
1 7822
1 24993
3 18018
1 3969
3 8993
3 13836
1 19872
3 13799
3 13757
2 22781
2 10484
2 11707
2 10029
1 8832
1 31192
2 30031
1 16700
1 19400
2 27660
1 1878
2 19772
3 10665
1 17426
2 23911
3 10880
1 30494
3 32177
1 638
2 29922
1 12229
1 31347
3 13690
1 15166
1 31326
3 16423
2 7072
1 17908
2 9040
2 18272
2 790
2 28010
2 10020
2 23027
1 13673
2 136
3 19719
3 381
2 23048
1 15163
2 20812
1 1498
2 26822
3 19699
2 8169
1 31663
3 11356
3 28452
2 7925
1 25314
2 21733
1 3016
1 2352
1 21789
2 6753
1 29660
2 22651
3 17486
3 28466
3 9694
1 16475
2 18730
2 17058
3 9302
3 14459
2 421
1 21339
2 23626
3 5927
2 32635
1 4589
1 7112
3 15314
1 18091
1 4939
2 6240
2 18832
2 23542
1 4942
2 1447
3 29084
3 25445
1 1841
2 15285
1 19924
3 20160
3 16403
2 28071
1 19256
1 7192
3 7545
3 28703
2 9327
1 9278
1 20426
3 4031
2 27714
3 31049
2 10961
1 30642
3 10271
3 21780
3 2110
3 10275
2 31383
2 6077
1 14884
3 31939
2 24032
3 22056
3 3452
2 17223
1 28244
2 30842
2 23713
3 25064
3 17648
1 26782
1 12755
3 3554
1 25046
2 20675
3 31156
3 4597
2 9931
1 27100
2 17870
3 9447
2 25018
3 23071
1 7947
1 20480
2 26415
3 9095
3 26683
1 25996
2 15581
2 8786
3 20625
2 1885
1 21528
1 7043
3 22055
2 15686
2 21596
3 23393
1 22645
1 7073
3 30148
1 25590
1 15070
3 31178
3 27540
1 11153
2 5924
2 14498
1 24240
1 27461
2 32750
3 6413
1 30754
2 32104
3 21321
1 8820
2 31639
2 19476
3 7460
2 6468
2 29155
2 20393
2 2515
2 1388
1 25465
3 7497
3 26765
1 18659
1 8948
2 1371
1 15854
1 17952
3 10129
2 16905
2 26230
2 5793
2 30642
1 13762
3 18695
3 20837
2 9052
2 14776
3 6507
3 24945
1 20154
3 31842
2 10956
3 27726
2 19608
3 28668
2 21050
3 18569
2 18665
2 18690
2 22825
1 1075
2 833
3 3257
3 32752
3 31583
2 6492
3 12199
2 4171
1 32422
3 24981
1 17429
1 32730
2 2470
2 21872
3 14484
1 8863
2 2430
3 3089
2 9845
3 28036
3 13140
2 17602
2 12367
1 18643
2 27343
1 369
3 28798
3 29372
3 14493
2 12591
2 30622
2 29139
1 20719
3 27314
2 23316
1 6031
2 10744
1 14036
3 21381
1 4812
2 8818
2 27410
1 27484
2 4682
3 14361
3 5134
2 15689
1 30507
1 20013
1 28686
2 17085
3 6009
1 1012
1 31099
3 12911
1 4254
1 6966
2 354
1 28378
3 10730
2 28352
3 23030
2 1212
2 18193
1 30945
1 4364
1 14744
3 27306
3 27120
2 15005
3 10805
1 18609
3 20164
3 19272
2 31005
2 26886
1 18234
1 717
3 3360
1 23020
3 19635
1 26259
1 24526
2 29323
3 2195
2 19491
2 23552
3 9582
2 15043
3 29611
1 19536
3 25349
1 12336
2 12925
1 22940
1 3108
3 18762
3 11661
3 6535
3 29826
2 4230
3 9206
1 11512
1 30011
2 24796
3 18805
3 28313
1 3919
3 7242
2 12524
3 12633
1 7713
1 29263
2 18145
1 3818
2 6648
1 13937
3 23548
1 17988
2 27265
3 18103
1 16269
1 10784
3 18764
2 559
1 27140
3 8062
1 13386
3 20329
3 14199
1 11296
3 28758
1 13050
1 12831
1 5389
2 7081
1 30203
3 27867
2 3342
1 20580
2 23688
3 28075
1 29492
3 22281
2 27713
2 10295
1 8528
1 26882
2 17100
3 2118
1 19066
1 793
3 31825
2 3143
3 27019
1 18431
3 10748
1 28619
2 16291
1 29381
3 22655
3 26121
3 25251
3 22886
1 9869
1 25689
3 23476
2 32571
1 27488
3 31929
1 21950
1 14213
2 27956
1 18507
2 23538
2 22503
3 10186
2 25045
2 10305
1 31464
1 8934
1 28735
1 482
1 21110
3 22737
2 16665
2 11216
1 2654
1 11479
3 29459
3 25418
2 15061
3 29130
2 12419
3 28241
1 27378
1 126
2 31202
2 14893
2 9009
3 24139
1 79
3 2537
3 4082
2 29582
2 4107
1 13522
1 13304
3 21032
2 2811
2 29948
3 10987
3 3070
3 29481
2 17853
3 31702
1 6519
2 1347
3 21039
1 31657
2 20481
3 25371
1 29619
2 16312
1 26764
3 20005
1 16489
3 8251
1 5645
3 29180
3 10681
1 19148
3 11260
3 16094
2 10957
3 25836
3 21719
1 21547
3 1812
2 15998
1 22685
1 31465
3 6337
2 5193
3 29524
1 12355
3 12105
1 25211
3 15236
1 16390
1 32233
2 18209
3 6329
3 28451
1 6686
1 29872
2 18948
3 13872
2 2603
1 13439
2 31866
3 3046
2 25495
2 31051
1 29108
3 16292
1 31148
1 434
2 13902
1 25579
2 7160
2 2744
2 26729
3 18656
3 25808
1 4676
1 3624
3 1742
1 6088
2 10660
3 31798
1 6305
2 4157
2 22533
1 19519
2 1643
2 16332
3 3324
1 25458
3 8163
3 15575
3 8960
3 2310
2 18145
3 24839
2 29166
2 3250
2 18915
3 30660
2 29060
3 32051
2 20108
3 31935
1 27622
3 28362
3 19487
2 27241
3 16412
3 20923
3 5640
2 6266
2 13457
3 22735
1 30292
3 10859
2 22933
3 28627
1 22580
3 3579
1 31708
3 16919
2 638
3 2478
3 9982
1 20720
1 25132
2 23369
3 14325
3 6710
2 25819
2 26200
1 32674
2 20167
2 25420
1 29352
3 30024
3 6402
3 7143
1 31437
3 30991
1 29516
1 15667
1 2717
3 9858
3 3727
2 95
1 11699
2 14098
1 18614
1 21437
3 28141
2 29841
2 13106
1 5441
3 25071
1 15287
1 10616
1 23815
2 19358
1 3745
1 30593
2 22474
1 18085
2 14157
1 4168
2 12653
2 1779
2 31263
2 21584
3 3958
1 10043
3 22623
2 26651
1 7054
1 1907
3 25272
1 6836
2 7683
2 15190
2 7099
1 23590
2 10310
2 2274
3 27226
3 17411
3 20333
2 30426
1 7277
1 10206
3 30386
1 27461
2 31025
1 16849
2 10738
2 23021
3 25540
1 26360
2 2095
1 737
3 3498
2 19956
1 15886
2 16627
2 14667
2 25961
2 4185
1 26683
3 3186
2 14976
1 30335
2 13458
1 29392
2 28517
1 17679
2 18456
2 4215
3 16842
1 26689
1 14767
2 17503
3 8547
1 11885
2 13182
1 15077
1 22120
3 8850
1 8559
3 4167
1 14358
3 30416
3 28592
2 809
1 29486
3 32494
2 22838
2 14099
2 24693
3 15061
1 17973
3 1776
3 27442
2 28947
3 15017
3 26513
3 1971
1 22873
1 21713
2 23080
1 14792
3 22269
3 23471
2 28366
2 11078
2 17273
3 23945
3 22269
2 21125
2 18666
1 24171
3 2070
2 10467
2 19602
3 5794
3 28124
1 28991
1 26966
3 16706
1 11511
3 3711
1 31297
3 31394
2 30067
2 27146
2 13567
2 11995
2 25918
1 27214
1 21603
1 6220
2 31406
3 31036
2 21218
1 19993
1 5880
2 6855
1 13589
2 25255
2 4282
3 4969
3 25658
3 4641
3 22130
2 7837
1 6324
1 246
3 8452
3 13670
2 21639
2 2649
3 13880
1 25799
2 28125
2 7872
2 15162
1 13385
2 10628
3 12902
2 5912
1 7288
2 25965
1 15305
1 25927
3 3430
1 21294
3 16941
2 30751
3 1318
1 17025
1 31767
2 27482
2 13906
1 31683
3 32210
2 18074
2 16006
3 10870
2 30701
3 12256
3 27875
2 22464
1 1467
2 11797
1 6285
2 29929
1 3025
1 31621
3 1837
1 30177
3 9868
1 26718
1 25456
3 31671
3 10377
1 19765
1 17286
1 3875
1 10539
3 3458
1 16292
3 27390
2 8985
1 10784
3 6274
1 22212
3 8893
1 25550
2 28125
2 4377
1 1222
1 28080
3 1271
1 19009
2 17574
2 12238
3 7954
1 11942
1 23317
3 6548
1 24568
1 342
3 11404
1 1104
1 17526
2 18050
1 1995
1 9656
1 10461
2 32256
2 13396
2 4705
2 24448
1 28106
3 4333
2 20553
2 22328
2 31869
1 16930
3 31054
1 20963
2 7131
3 28865
1 28084
2 10976
1 17226
2 6236
1 5796
1 11669
3 31315
1 26058
1 14503
3 31722
1 29475
3 9638
2 22063
3 1227
3 13581
1 17103
3 8718
1 2729
1 22278
3 21734
1 509
2 14842
2 18983
3 16084
3 8471
1 20405
1 13359
3 23873
2 4699
3 20439
1 23039
3 17694
1 813
3 19424
3 6684
2 4636
3 32213
1 14678
3 30512
2 17714
1 15359
1 22593
2 12937
2 13083
2 2362
1 10670
1 30360
2 725
3 13689
1 30253
1 4467
1 15396
1 6037
2 25682
1 16212
1 26125
1 8136
3 7991
2 1305
1 13659
3 31284
1 3320
3 6850
3 19229
2 16730
2 5430
3 26101
2 806
3 16547
1 30614
2 1149
3 21132
1 18139
2 12863
2 26311
2 13866
3 2225
1 30815
3 31332
3 12574
3 4920
1 14502
1 25737
3 23371
3 20073
1 13257
2 19602
2 32728
2 3998
3 8960
1 13947
1 19375
2 15385
2 28297
3 28005
2 3071
3 31611
1 29731
3 32279
1 31930
2 31309
2 23955
2 16763
2 10008
2 15483
2 1827
3 30493
1 20499
2 32724
3 30238
1 28591
3 30441
2 11915
3 24405
3 18312
2 25500
1 25017
2 15774
3 12576
1 17781
3 29657
2 30799
1 20373
2 24957
3 9034
3 6599
2 8489
3 20739
1 17617
1 5606
1 31170
1 20505
2 1556
1 8335
3 3433
3 7191
3 16416
3 5165
1 2763
1 25110
1 23011
1 26668
1 17851
3 15734
2 15027
1 14203
3 29102
1 18008
1 19654
3 22289
3 27710
1 12325
1 4023
1 31845
1 6055
3 30725
2 15112
3 29684
2 17741
3 9065
3 28826
2 26559
2 12340
1 3714
2 32567
2 13770
1 1927
3 19143
1 13576
1 22174
2 2322
1 3443
2 16927
2 21447
1 11207
2 11781
3 10991
3 20055
2 23101
2 13502
2 19151
2 5474
1 15660
3 31015
3 26234
2 19584
2 5618
2 20616
1 20114
2 8783
1 10513
2 19569
1 4632
1 5870
3 14511
2 2357
3 16630
2 21122
1 3861
2 3178
1 15989
2 2997
2 6449
1 13163
3 9159
3 32305
3 4372
2 12758
1 12927
1 28970
3 14452
2 8207
1 22292
3 19922
1 9002
1 6587
3 15201
1 17890
1 4533
3 27717
1 26920
1 2584
3 23478
2 21852
3 31882
2 4275
3 27250
3 20851
2 26257
3 27641
3 17236
3 31296
3 16295
2 12466
1 8808
3 30013
3 10779
3 27818
2 9440
3 29226
1 17571
3 11570
2 915
3 14729
1 11477
1 5536
1 23929
3 19233
1 4525
1 1482
3 4656
2 3196
1 22026
3 20623
1 11387
3 1897
3 17201
1 591
2 23741
2 14458
1 19272
3 14190
1 898
3 28039
3 23516
3 725
3 19447
1 13354
3 16476
3 25712
2 22125
3 22592
2 5276
1 20401
3 29402
3 29294
3 18258
1 16908
3 27480
1 1690
1 11420
3 27001
2 24228
1 12910
3 8313
3 23285
3 10912
1 27608
3 14667
1 22785
1 26321
3 20364
3 2652
3 10785
2 28385
3 32641
2 30294
2 32606
3 32031
3 4464
2 4553
2 27333
2 21754
2 3417
1 5544
3 26086
3 32138
1 31741
3 25036
3 26710
3 3079
3 1381
1 3952
2 3629
2 32336
3 8025
2 5044
3 20105
1 9573
3 19434
2 29210
2 16905
1 8173
2 26601
2 32524
3 31059
3 25777
2 2413
2 12884
2 25486
2 23839
2 28241
1 2466
1 17640
1 4040
2 31411
1 31497
2 15633
3 23266
2 18295
1 30594
2 23999
1 16071
3 16578
2 32104
1 20776
3 14452
2 21631
3 15099
1 4235
3 11274
3 12509
1 16605
3 10919
2 24401
2 4815
1 17560
1 6722
2 1072
3 9355
3 29462
3 11428
1 21303
2 27660
1 21287
1 30745
1 13845
2 18832
2 14335
2 25203
2 546
1 1562
1 17333
