2431 14573
3 6619
2 6059
1 23416
1 7111
3 19425
2 26387
1 16127
2 11617
3 19692
3 14896
1 9394
3 31116
3 31830
2 2095
1 16917
3 3820
3 29421
2 27982
1 14943
2 30588
2 16244
1 19295
2 17150
1 263
1 29472
1 14923
3 6160
1 21936
1 32284
1 18573
3 16619
3 25708
3 23558
3 2994
3 9366
3 6531
3 4208
2 224
3 28238
3 26386
3 29535
1 15692
1 16899
3 7564
2 19919
2 28354
3 16600
3 5172
2 17966
1 11297
3 23974
3 8612
2 7389
3 5596
2 377
3 25674
1 14514
1 18042
1 18
3 23270
1 888
3 4887
2 23651
3 19725
1 5741
1 7137
1 23830
2 937
1 14019
2 11420
2 28935
3 20855
2 8736
3 27935
2 25541
1 27527
2 11039
1 25044
2 25109
3 4543
2 9676
2 15419
3 20078
1 1880
2 9259
3 31592
1 25982
1 23392
3 690
2 23681
1 12964
3 311
2 17610
3 6977
3 21620
2 14610
3 16722
2 631
2 4407
2 18555
1 7964
2 19592
1 15208
1 718
3 8559
2 21480
2 26168
1 8637
2 17539
1 5029
3 27146
2 28110
2 10760
1 30685
2 14584
3 14040
3 21919
3 32323
1 844
3 7305
1 14687
1 9886
1 11272
3 9955
3 4689
2 13130
1 3423
3 11962
1 5364
2 14773
2 3385
3 5688
1 27067
1 738
2 435
3 20825
2 31114
2 15338
2 26012
1 15983
3 2621
2 30326
3 23801
2 20127
3 11040
2 31046
2 2435
3 32354
1 29048
2 24749
3 12068
2 7686
2 1273
1 3859
3 10365
2 27178
3 31821
2 28018
2 11106
1 29765
1 2452
1 31705
1 23900
3 23328
2 30430
3 12780
1 14375
2 21335
3 29363
3 12130
1 15922
1 32732
1 11403
2 15494
2 32546
1 6772
3 16727
3 6838
3 27727
3 27704
3 30710
1 9447
2 32068
1 5653
3 19904
3 16415
3 9283
1 10573
1 21247
2 7161
3 4799
1 4084
3 22384
1 17189
2 19937
3 17779
3 26311
2 31718
1 4868
1 24328
1 5417
2 30866
3 3129
1 25668
3 7088
3 22549
1 21699
3 30604
1 17642
3 30318
3 19868
3 20121
3 10585
3 3376
1 16878
3 31480
1 15349
1 9218
2 23451
2 651
2 9894
3 20768
1 26550
2 18438
1 30410
3 18904
1 27399
2 17266
2 6581
1 17166
3 1675
1 2733
1 10540
2 8633
3 11249
1 10728
3 2025
1 31587
1 8734
3 19496
3 19994
2 26284
2 22954
3 13253
3 1506
2 7112
3 4449
2 750
1 14295
2 25853
1 19140
3 21540
1 18306
2 24358
2 3717
3 8891
2 8162
2 2611
2 270
2 860
2 12264
3 10662
1 18170
2 11397
2 14076
2 29975
3 14746
1 20231
2 24952
3 6321
1 27506
3 16006
1 13608
2 1458
2 31930
3 27133
1 19920
1 4847
3 16350
2 9272
1 27046
3 27983
1 11774
3 15448
3 17875
2 22603
2 11118
2 26195
2 19190
1 15988
2 7222
1 29553
3 2465
2 4589
3 18579
2 23248
1 1754
2 31980
1 4469
2 4577
3 22683
3 25149
1 29952
2 13544
3 4691
3 11712
2 25355
3 32640
2 355
1 29926
3 24995
3 5397
2 14754
2 26424
3 393
1 6504
3 29145
1 3792
1 8880
2 6414
1 12360
3 24797
2 2240
3 16881
2 18207
2 7715
3 16278
1 27598
2 8453
2 889
2 20417
1 28854
1 23957
3 19017
2 17158
2 21901
2 15835
3 30996
1 30941
2 17038
2 24796
2 1004
3 19186
1 19397
1 20492
2 15608
2 421
1 2451
1 23509
2 5363
2 6283
3 301
3 18454
1 11181
1 21227
3 23837
2 18594
1 12425
3 8257
2 30144
3 19901
2 4861
1 20670
1 10694
3 8355
1 789
3 6598
3 1718
3 20481
1 16880
1 27249
1 16743
1 27769
1 16961
1 4106
2 32392
2 5410
2 6351
3 10899
1 27417
2 21510
1 15606
2 28991
3 9455
2 19107
3 6436
2 18167
1 29492
3 11882
3 27485
3 7894
2 20197
2 5443
3 30136
3 12461
1 15186
1 4615
2 32479
3 32127
3 28321
3 8452
3 8851
1 9221
2 19020
1 25724
2 29221
2 1324
3 9118
2 12582
1 25854
1 14482
1 23610
1 27308
1 6424
2 20749
1 19092
1 12332
2 25475
3 28964
3 29302
3 22712
2 12513
1 12180
2 3453
1 16341
2 13802
1 19404
3 25497
2 25087
3 28649
2 12913
1 29584
3 18724
2 30013
2 20955
1 27516
1 18724
1 5593
1 16022
1 29000
1 3160
1 19396
1 10211
2 15159
2 28680
2 31642
2 7220
3 30813
2 12531
2 1289
3 7603
1 2340
3 26571
2 9045
3 1723
2 1992
3 21941
1 7636
2 15965
1 8411
2 206
1 18546
1 15581
1 15298
3 8353
3 21550
1 24627
3 29495
3 23218
1 28572
1 4234
3 24005
1 20214
1 14177
1 13508
2 9807
2 29785
1 30394
1 30452
2 29833
1 17719
1 14326
1 22755
2 9596
3 15331
2 9463
1 6284
1 21511
1 7971
3 14261
2 25759
2 12633
1 7857
1 15035
1 24834
3 11640
2 16316
3 6567
1 31563
3 28605
2 6501
1 430
2 3911
3 8021
2 24898
3 21014
2 23415
2 31682
1 18399
3 23738
2 17806
1 17752
2 9528
1 30346
1 28404
3 30144
3 30016
2 22537
2 6469
3 18552
3 9309
1 19917
1 23251
2 4945
2 11242
3 14594
2 8992
1 28400
1 32435
2 24551
3 3941
1 12110
3 17788
1 3663
1 3854
2 11321
3 27515
1 1570
2 22587
1 22992
3 31450
2 16346
2 11328
2 12554
1 18742
2 31494
3 27686
1 26671
3 29730
3 7882
2 32040
2 31582
2 11685
1 27228
3 32055
2 1285
2 22711
2 30089
2 18295
1 26220
2 30152
1 302
3 18624
1 16427
1 24378
3 6080
3 9245
1 15023
3 21986
3 32197
1 10064
3 7866
1 23946
1 29272
2 3916
2 15839
3 26994
1 16297
2 7354
3 11018
1 22730
1 7034
3 30837
1 17142
1 17210
2 22435
2 26637
1 1205
3 5467
1 25231
1 21064
2 14891
1 32059
3 6077
2 5020
3 28819
1 9948
2 24640
1 8886
3 16633
3 18613
2 9023
3 1271
2 26815
1 48
2 1654
2 4849
3 12824
2 32299
1 32435
1 3311
3 11407
2 887
3 12378
2 32618
2 13697
3 11612
2 8161
1 30612
2 20639
3 4627
1 12884
1 2002
1 20590
2 11594
3 32211
3 7225
3 20167
1 7332
3 27151
1 7960
1 30038
1 11318
3 8401
3 28015
2 5663
2 13067
1 20083
1 7024
2 5108
3 16289
2 12900
3 2309
2 6912
2 5226
3 32680
1 17993
1 10560
1 29771
1 3414
1 18445
1 26373
2 16160
2 22297
1 27733
2 20339
2 24119
3 19888
3 20184
3 10501
2 209
2 30573
2 28036
2 19975
2 10404
1 24761
1 7416
1 17690
1 1627
2 23695
3 19720
2 10676
1 9748
3 5373
1 7484
3 25757
3 27617
2 27558
2 16721
1 13426
2 24648
3 10819
3 13751
2 1574
1 19651
3 797
3 17425
1 7548
1 10305
2 24980
2 22456
2 3471
3 21411
2 2715
1 8760
1 331
1 9791
2 3385
3 4050
2 21489
1 19041
1 778
3 3065
2 31126
2 27077
1 8381
3 5589
1 14244
1 10782
3 5780
2 9410
2 11608
3 31122
1 16614
2 23761
3 11330
2 11067
1 10400
2 4934
3 24777
3 25512
2 21439
3 8985
2 19108
3 21850
2 26072
1 4470
1 1378
1 19784
1 4241
1 573
3 24802
2 3932
1 21541
1 31875
1 18908
1 755
3 4068
2 32526
2 599
3 12128
2 25264
1 25821
3 10800
3 2153
2 23425
2 6558
2 6042
3 2761
1 31202
1 7733
2 32664
3 10413
1 32370
1 23868
1 28292
1 1591
1 2916
1 20349
1 4236
1 1534
2 5375
3 28794
1 18992
1 9611
2 8735
1 742
1 8389
2 10718
1 23730
2 9514
1 29429
2 7143
2 29244
3 13793
2 316
3 5390
2 17491
2 2139
1 18028
2 23467
3 26916
1 26909
2 8235
2 20366
2 31724
1 29280
1 18288
2 9849
1 15743
3 12430
2 6409
1 30881
3 1221
1 5832
3 11800
2 7473
1 32568
3 17251
2 17553
3 22214
2 16744
1 5222
1 30654
2 20468
1 10103
3 3086
3 18619
2 26559
1 1437
1 1354
3 30458
3 20003
1 10404
3 14399
1 10432
3 28813
3 9837
3 3781
3 25511
2 13920
3 32362
3 18663
2 21786
2 3441
2 2594
3 29032
3 27356
1 18059
1 15793
2 8761
2 15233
3 16876
1 14404
2 6404
2 16114
3 27590
2 9377
3 7076
1 22253
2 2238
3 27037
3 11434
1 10116
1 21104
3 10916
1 4057
1 16282
3 25578
2 6198
1 7851
2 4457
2 30253
2 4196
2 27850
1 15102
3 27823
2 3926
2 15512
3 7866
1 12763
3 28616
1 17320
3 19411
1 25487
2 31625
1 16194
1 14034
1 20381
3 19451
2 22755
1 16915
3 16459
2 31381
2 23227
3 5704
2 6355
3 8548
3 13357
3 19190
3 16867
1 11141
3 20050
2 24310
2 26142
2 30125
2 12407
2 245
1 32410
1 16034
1 29850
2 10229
2 12128
2 26559
2 3056
2 31689
3 29679
2 1396
1 21346
2 3485
1 7097
3 16323
3 30732
2 24684
3 5796
3 708
2 11197
3 16776
2 4490
1 32546
1 10618
1 28950
2 25274
1 31388
3 2555
1 6798
3 18037
1 28805
1 26668
3 7488
3 27506
1 581
2 21933
1 9418
3 20314
3 14293
1 8018
1 4515
3 27468
1 4167
3 24996
1 12691
2 12379
3 25147
2 27998
2 18488
1 21515
1 3179
3 31729
1 26499
3 27863
1 30240
3 13312
3 6200
3 24238
3 24507
2 32229
2 21106
3 6001
2 813
3 10283
2 17949
2 7031
2 1151
2 23569
3 29562
3 25098
1 12875
1 25101
3 5023
2 487
3 5696
2 13894
1 20724
2 11713
2 21923
1 27929
2 20407
2 191
2 25032
1 26518
1 1657
3 6905
2 30877
2 22528
3 26271
3 3583
2 29984
3 5712
1 21729
3 6483
3 28644
2 17586
2 29134
1 14058
3 12176
2 17415
1 12870
1 30638
3 26975
1 30817
2 18431
3 12287
1 20897
3 23946
2 23041
2 29741
1 31801
3 27518
2 3370
3 25856
3 3357
2 19180
1 23722
3 19505
3 14554
1 22969
2 17032
2 2286
3 5389
1 32637
1 12316
1 19545
1 14570
1 20996
1 22162
1 9738
1 11705
3 2510
3 16237
2 24712
1 12115
2 18063
1 13570
3 11732
1 15530
2 9135
1 31481
3 9183
1 30783
2 7372
1 22224
3 2318
1 22698
1 16947
3 26711
1 28861
3 10517
1 15723
2 21045
1 10170
2 22977
3 9642
1 12897
3 28869
2 8319
1 9310
3 27306
1 4375
3 26936
3 27046
3 14640
2 11480
2 5735
2 28885
1 8424
1 29607
3 4505
1 5366
2 8732
3 7445
1 11252
2 30019
3 17129
1 13610
2 20141
2 10668
1 26559
2 14559
2 31632
3 18262
2 31717
2 675
1 7548
1 13593
2 27122
2 1751
3 10468
2 20482
2 25685
1 24657
2 3151
3 24527
3 32205
3 11484
1 28889
3 23413
2 4594
2 14774
1 19120
1 32157
2 32171
1 17
3 14744
2 10531
2 10165
2 29075
2 14696
3 7574
2 22818
3 5334
1 8842
1 31675
1 26072
2 29161
3 31358
2 6666
3 9486
1 20173
2 5208
3 10542
2 14802
2 15353
1 318
3 10377
2 11142
1 28886
1 20715
1 10927
2 20062
1 30787
2 8750
1 27110
2 31716
2 11538
2 876
3 11436
1 7029
3 1673
3 8985
3 31281
1 31425
2 13539
3 20547
1 7897
1 30286
3 3532
2 19208
2 187
3 29173
1 18665
3 25883
3 17445
3 8548
2 3149
3 29251
1 16405
3 8346
2 18693
2 2268
1 17089
2 23663
3 26509
2 4692
1 9744
3 19209
1 17496
2 11182
3 13343
3 29800
1 31821
1 22019
2 23486
2 19163
1 2372
3 30460
1 13552
1 21384
3 11917
1 10585
2 21870
3 7912
3 13674
2 23917
1 29988
1 4424
2 31120
1 18848
3 25266
2 31562
3 17833
3 10988
2 18413
3 610
3 32725
2 21856
3 15964
3 22873
1 9764
3 5280
3 13243
2 18638
2 6942
2 23651
3 7803
1 1968
1 16955
2 18676
2 576
3 25541
3 27755
2 28593
2 17506
2 14886
2 5264
2 32655
3 20589
3 16320
1 27647
1 12692
1 3233
1 6612
3 14083
1 2395
3 7794
2 18040
1 31065
3 26004
1 32520
2 21781
1 29365
3 24706
2 24512
1 28391
2 27452
3 123
2 24234
1 12160
1 20487
1 14443
2 2826
3 19781
1 8103
2 14417
1 14807
3 4591
1 9883
3 3520
1 10814
3 8971
1 3035
3 5215
2 31264
3 6778
1 11601
2 13930
1 27280
3 28402
2 19547
1 32047
3 29782
2 11387
2 2635
1 29074
1 11375
2 31988
2 13543
3 19594
1 30858
1 139
1 25321
3 30625
3 5004
1 30280
1 24703
1 23927
3 25102
2 13443
2 27596
1 2624
2 5850
1 29033
1 16741
1 7234
1 10097
1 23419
1 30933
2 1112
1 4231
3 527
1 12570
2 5746
3 27269
2 3533
1 3366
3 27154
1 19975
3 18739
1 95
1 2768
1 2140
1 30994
1 27423
1 30935
3 8201
1 1295
3 1845
3 31077
1 10565
1 28707
3 9314
1 14159
3 27262
2 8474
3 13532
1 13180
3 20691
1 31512
3 10703
2 1381
2 13464
1 17935
3 8151
2 27547
2 28118
1 26443
1 23431
1 11329
3 14536
3 27110
1 5605
1 17805
3 27230
3 22356
3 6379
2 28235
3 29886
3 24537
1 11272
2 26203
1 15294
2 21261
3 20637
1 5934
2 14700
1 26719
1 20097
3 1101
2 29318
1 22415
3 4221
3 3026
2 15106
3 16691
2 20688
1 30444
2 19079
2 26419
1 5549
1 23135
2 8434
1 13645
2 32184
1 18178
1 15058
3 6545
3 23692
3 19007
2 5612
2 11494
2 10040
2 16023
1 1464
3 11139
2 12477
3 27676
3 22499
1 15735
2 13970
2 30965
2 18635
3 3874
3 15649
1 10717
3 18437
2 14778
3 15431
1 29348
2 3290
1 31687
1 7128
2 22189
1 31429
2 16806
2 24
3 6510
3 22007
2 32266
1 26179
1 16115
1 18388
2 21110
2 4358
2 23643
2 13172
2 1989
2 17667
2 14425
3 23075
1 22178
1 21841
1 15284
1 20448
1 16
2 32762
1 12744
1 16354
2 13796
3 6779
2 22787
3 270
2 21318
3 3656
1 17257
2 31362
1 25907
2 9542
2 1809
1 22542
1 766
3 9806
2 16037
3 3765
2 30410
1 16816
1 23014
1 12593
3 13841
1 19886
1 15909
1 5228
3 10785
1 21245
3 14027
2 17416
2 18586
3 26952
2 13778
2 18135
1 31729
2 25517
2 25674
1 13155
3 23536
2 19773
1 725
3 5224
3 13875
3 13696
2 6699
2 7510
1 26285
1 19695
3 31639
3 11984
3 33
1 20856
1 4472
2 11055
3 17577
3 19198
1 32705
2 6911
2 28210
2 6103
2 5241
3 8576
1 18174
2 18764
2 2108
2 16678
2 4641
3 20507
2 3768
3 28698
3 17413
1 30968
3 14129
3 31927
2 2791
1 14600
3 7421
2 16910
3 10071
3 19045
1 26632
3 11363
2 5307
3 6302
3 7506
2 3502
2 460
2 32052
1 16236
1 16923
1 6423
1 19485
3 16127
3 9353
1 6526
1 12356
3 15172
2 21262
1 16053
3 22535
2 4749
3 17266
3 31174
3 29112
1 17083
2 10160
3 31117
2 30749
1 6598
2 8825
2 828
1 20209
1 13881
3 19376
1 6872
3 12128
3 22450
1 1262
2 31674
1 25742
3 32614
1 7680
1 24848
2 22545
3 24731
1 18788
1 7769
2 28274
2 8492
2 24784
1 2028
1 13233
3 27145
3 31147
2 11122
1 22462
2 18357
1 18834
3 22631
3 31488
3 23238
1 23252
3 30877
1 19153
3 22632
2 4342
2 14521
2 28160
1 23258
1 32048
3 180
3 16718
2 495
3 750
3 15451
2 25586
1 25487
1 19536
2 29648
3 5142
2 19508
3 3755
3 13318
3 23383
3 20333
2 7941
1 18249
2 2888
2 10334
3 22173
1 15796
1 2544
1 27197
1 18273
3 17849
1 28231
3 215
2 16501
1 21661
3 27837
2 265
1 8883
3 7929
2 5043
3 18760
2 1318
2 24890
1 22528
2 29210
1 10637
2 30753
2 29038
3 3738
1 16607
2 18756
3 1851
1 15608
2 32705
1 31627
3 11416
3 1782
3 785
3 32692
2 11565
1 4716
1 1119
2 26832
2 10642
3 8645
2 24174
2 5316
3 983
3 25728
3 25015
1 9417
3 7166
2 6064
3 30951
3 17900
3 23676
2 30332
3 7516
3 18830
2 5820
3 31392
2 7084
3 3557
1 12187
2 27882
1 10270
2 13945
2 7149
2 17854
1 17198
2 13480
1 11511
2 23954
2 28174
1 8227
3 11507
2 28018
1 12064
3 24430
2 19343
1 24446
2 26237
1 8292
1 23150
1 28519
3 29297
1 8369
1 22949
3 6902
2 9212
1 18006
2 21567
1 25221
3 850
2 2089
3 3258
2 22915
1 25692
2 9810
1 31111
3 1780
3 19253
2 13007
2 4494
1 5615
3 8366
2 27120
1 26792
2 22047
3 14027
3 23260
1 7204
3 3139
3 7491
1 24587
2 3906
1 4781
2 17924
3 26569
1 30651
1 18886
3 31149
1 3258
1 14903
3 22665
1 7186
2 32336
2 5845
1 15620
1 16571
1 14678
2 9639
3 11482
1 3941
2 4201
2 9011
1 17860
3 30848
3 1145
2 3315
1 3595
1 14767
3 27981
2 3542
1 17679
2 12875
2 29180
1 15037
1 963
2 2017
2 20853
1 7934
3 11566
3 6831
1 31480
3 6373
2 12012
3 18987
2 30363
1 1582
2 4524
3 2428
2 7622
2 16524
2 22960
1 17407
1 9142
1 27173
3 14159
2 4547
1 28158
3 2579
1 1910
2 15373
1 15617
2 30949
2 9250
1 4565
3 9337
1 7452
1 1256
3 3143
3 21492
3 30639
1 12142
3 17219
3 12114
1 135
2 30703
2 12765
1 14152
3 21252
1 4539
1 19166
3 16864
1 10870
2 28596
3 23873
3 759
3 11940
1 29906
1 18615
2 25789
1 4169
2 29856
3 548
3 12344
3 30097
1 957
2 26655
1 1474
3 13985
3 6236
3 26486
2 9606
1 27149
1 31428
2 28583
1 2055
1 16735
2 1489
1 14184
2 18073
2 13719
1 14193
1 20769
2 21478
1 933
1 4392
1 3949
1 1131
2 30961
3 18572
1 14748
3 26360
1 4051
3 18378
3 4148
3 27955
3 23579
2 32287
2 8555
2 25621
2 18315
3 95
2 28078
1 15468
2 7768
2 31090
3 23582
2 9047
1 27565
2 27346
1 32525
2 27342
2 9767
1 15631
2 10373
1 16919
1 11354
1 8267
1 20162
2 15954
1 4426
2 15550
1 16563
1 13038
1 14579
1 13106
3 10877
1 23089
1 17602
1 28040
2 27128
2 19892
3 20506
3 16178
2 13104
3 20196
1 31952
1 21943
1 1253
2 24451
1 20399
2 31027
1 27915
1 10789
2 23797
3 7380
3 7499
2 15028
1 17619
3 16221
3 20352
3 1772
3 32753
2 7078
2 31291
1 18143
1 31720
1 10523
1 21824
3 7538
2 1991
3 27705
2 11782
2 4318
2 4238
2 5908
2 3131
3 21296
3 11702
2 31187
2 9789
2 23242
3 32167
3 17202
1 9634
1 19168
2 21056
1 4352
3 15282
1 11259
1 11603
1 20639
1 1512
1 29818
3 3365
1 28550
2 17012
2 24844
3 2291
1 23490
1 21691
2 7478
2 15720
1 21616
1 6614
3 15315
2 2344
1 2629
1 3343
1 32656
2 6473
1 4103
1 15463
1 29548
3 17876
3 6929
3 3347
1 21310
1 15944
2 5075
2 20474
1 17454
1 1559
3 30287
3 9784
2 23866
1 16679
2 669
3 13727
3 32691
1 20562
2 15720
1 11568
2 32702
2 15847
3 16495
3 6566
3 7380
1 31271
1 23301
2 2540
1 19010
2 26569
3 658
3 930
3 18345
3 14454
3 4879
3 18332
2 2431
3 6477
1 24462
2 26211
2 29069
1 12128
1 4783
2 9394
2 22383
1 25654
3 24364
2 12282
2 24854
1 583
3 78
3 8927
3 11081
1 8579
1 2678
2 22968
1 16928
3 25547
2 2965
3 5907
2 27016
3 374
1 31668
2 30766
2 13762
3 9677
2 32109
2 14719
2 29668
3 7056
3 28271
3 19246
1 25174
1 18799
3 18431
1 13718
3 14678
1 32402
1 20337
2 19911
2 885
1 3857
3 5811
2 14854
1 17943
3 16508
3 19651
1 17996
3 31223
3 1621
3 24116
2 2243
3 21409
3 3729
2 26029
3 22092
2 23542
3 7706
1 27754
1 1788
3 22699
3 15696
3 31416
1 2714
1 1227
3 13443
3 30845
2 19746
2 6448
2 22651
3 23982
1 27461
1 9486
3 9969
3 13016
3 14055
3 13929
1 13075
1 24984
1 2976
3 21145
2 25091
2 21794
3 29500
2 16077
3 30552
3 27326
1 6715
1 6277
2 29084
2 12869
1 5201
2 15894
3 14029
2 32425
2 28903
1 1835
1 4317
1 18027
2 8088
2 19774
3 31281
1 21539
3 9397
1 17443
2 14885
1 18171
2 7617
3 8829
3 20870
2 25396
1 5622
1 6727
1 14103
2 12959
2 10942
1 8524
2 25613
1 29989
3 59
3 2479
2 12435
2 24897
1 1472
2 27237
3 71
1 13440
1 2645
3 22454
1 16059
1 5128
1 8503
3 27583
2 11253
1 15630
3 22101
2 7923
1 30959
1 1374
1 13013
1 28821
1 13335
3 11223
1 4493
1 24383
3 1488
2 30956
1 17290
3 12639
1 15600
2 12068
3 1164
1 3509
1 11072
3 19355
1 16264
1 25558
1 20991
3 5759
2 8997
3 9388
2 24159
2 916
3 1599
2 19188
3 30214
3 25265
2 7271
1 13246
1 21390
1 24640
2 31329
2 18160
2 13062
2 21953
2 27301
1 28612
3 3695
1 27208
3 4575
1 25925
2 10815
2 763
2 25455
2 17110
3 29154
2 917
3 26089
1 28843
2 9268
1 24293
2 18325
3 23630
3 20488
1 30544
2 17137
2 283
1 8356
3 20299
1 21290
1 16580
1 31299
2 2529
2 14503
3 3023
2 26257
3 15155
1 19838
1 23059
1 20786
3 2291
1 10749
1 29502
1 5180
3 6888
2 6434
2 1874
2 21689
2 23406
1 23843
1 5923
3 12070
1 2035
3 17384
1 11483
2 13302
1 4474
1 2955
2 25718
2 13328
3 19740
1 5855
1 17478
3 23884
3 29826
3 29158
2 25968
2 9978
2 30316
1 9817
3 27757
2 3675
2 5933
1 24612
3 20875
3 8998
2 24877
1 25063
2 31081
2 25605
2 25958
1 18807
2 7550
3 27413
3 19431
3 9307
2 1171
3 27242
3 13396
2 21583
2 2884
1 30856
2 26212
3 17348
3 31875
3 11499
2 21090
2 27230
2 14869
1 3200
2 25004
2 8565
1 13587
3 17962
1 5943
3 18581
1 13930
3 16190
3 9
2 14846
2 30556
1 28678
3 29629
1 3876
1 2557
1 4162
2 9475
3 13616
2 4534
3 5027
3 542
1 20861
2 19397
2 30286
2 25956
2 30235
3 26555
1 22879
3 5569
2 9808
3 12285
2 28515
3 5940
1 11026
1 580
2 14557
3 19280
2 14223
2 6173
2 4290
3 25020
3 23973
2 8042
3 2301
2 6324
1 21098
1 8927
1 5868
2 19846
3 677
1 17029
1 4065
1 23830
1 30547
3 15418
2 30113
1 21595
3 2596
1 17455
1 4841
2 28895
2 27131
2 11625
3 26596
2 28995
2 28529
2 25153
3 26294
1 13752
3 16722
2 11492
1 32756
3 12423
3 18718
1 20435
3 32553
3 9866
2 30602
1 28260
1 14163
1 16305
1 22781
1 17727
1 32612
3 26494
3 31251
3 13026
1 32450
1 32137
3 7197
1 4126
1 18887
1 22013
2 14751
3 22679
1 20034
3 2584
1 23249
1 9032
3 4084
3 6319
2 14878
1 27389
2 13587
1 22185
3 14504
1 9943
3 25290
1 12159
2 8898
1 13004
3 27063
1 13762
1 17525
3 2084
2 17005
1 917
2 19964
3 17917
1 23024
1 27438
3 2120
2 2504
3 11835
2 30553
1 22908
3 6089
3 15037
2 15350
3 6514
1 21403
2 13527
3 30326
3 13876
1 2218
2 6239
3 32354
3 10371
2 695
2 1057
3 1492
1 14420
2 30295
3 26201
1 10747
1 4430
1 14708
2 31034
2 21403
2 10062
1 19403
3 3947
2 26507
3 27364
1 12141
3 12420
2 18230
2 19923
2 4414
1 1429
3 8474
1 6036
3 16761
3 5535
1 4428
2 2515
2 31786
2 21017
3 4594
1 21744
2 434
1 29549
1 15303
2 23679
3 32582
2 9592
3 22171
2 19401
3 18288
1 1037
2 14801
1 31306
2 23181
2 26483
2 31967
3 8241
3 16205
2 226
3 30673
1 23267
2 11063
1 18186
3 5062
3 375
3 31522
2 12941
1 27505
1 18747
3 31677
1 19072
1 15257
3 14894
2 520
3 238
1 9114
1 29572
