2457 2257
3 2518
1 4705
2 32766
2 23463
1 19777
1 27685
1 23760
2 27947
3 11281
1 7672
3 32743
1 21282
1 32563
1 1336
3 22171
1 12965
2 18826
2 6359
1 21623
3 2209
1 17515
1 23006
3 26557
2 16984
2 15392
2 5096
2 15841
3 9694
2 15465
2 28066
3 22537
2 2716
1 3319
1 18770
3 28563
1 25040
3 32239
2 30029
3 10895
3 3851
3 1133
2 11391
1 8256
3 4274
1 9982
3 26343
1 11680
1 30846
2 14885
1 31256
1 6617
2 13308
1 27863
2 2490
1 2765
2 9486
3 9471
1 18438
2 18831
3 2663
2 11259
3 1614
2 22247
1 14355
2 11037
3 5490
3 20434
3 8173
1 30763
1 30316
1 8703
1 10791
1 12767
2 23237
1 4179
3 24005
2 11367
3 29982
2 1894
1 22818
3 11750
2 6568
3 16900
1 6762
3 31473
3 11948
1 15790
1 6175
3 13075
1 27908
1 32534
2 10644
2 32074
1 28832
3 9894
2 16245
2 1160
2 6402
3 21753
1 27709
1 17459
2 14786
3 24417
1 15549
2 9381
1 6923
1 21599
1 24732
3 26541
2 18972
3 20526
1 8914
3 25868
3 14792
3 8505
2 12844
3 5880
1 13046
2 15520
3 14795
1 30364
2 5409
2 695
2 18853
1 10391
1 26329
2 21382
1 3842
3 31097
1 13889
2 29514
2 23808
3 10825
1 18831
1 16115
2 1295
1 3329
1 8080
2 12453
2 32630
1 28944
2 16417
1 13367
2 25549
3 24535
3 23734
2 19382
1 12672
1 10541
1 16599
1 995
1 26707
3 16347
2 4766
1 14513
2 28888
3 26144
2 25402
1 10696
2 21754
3 10798
1 3951
1 24325
2 18550
3 12972
2 28692
2 23799
2 349
3 23346
2 23188
3 10595
1 24723
3 8400
3 29037
3 8129
3 27219
2 24199
2 17588
1 5565
3 3752
3 22990
3 17039
2 20408
3 16885
1 7951
3 30650
3 17732
2 25967
3 11815
3 8194
1 13739
1 32670
1 30441
2 1741
2 3176
3 17632
1 9628
3 14224
1 5548
3 28645
3 16249
2 32343
2 731
3 27188
2 3885
3 14401
3 16141
2 17572
3 24925
3 29697
3 5005
1 32740
2 4381
2 25183
1 7261
2 9460
1 25720
1 5812
2 3248
1 11689
3 14571
2 6002
3 17263
2 15661
2 32746
2 16026
3 12213
2 10364
1 2905
2 27203
2 1363
3 20201
2 10772
1 32026
3 16716
1 17047
1 5224
2 11996
3 32345
3 16641
1 10392
2 11486
1 6503
2 31602
3 30553
3 2694
3 9748
1 12173
3 8278
3 463
1 13110
2 4038
3 32429
1 968
1 24404
3 31719
1 9583
2 6422
2 15659
1 2445
3 11300
3 4718
1 2090
1 23720
2 19269
1 2331
3 10486
3 20478
3 18624
3 12158
3 2535
1 28072
1 13432
1 29065
1 15241
2 14228
2 29890
3 25924
1 26909
3 16386
3 8937
3 2888
1 7445
3 4615
1 14251
1 24390
2 21915
3 27148
2 1978
1 14465
1 26890
3 15952
3 4156
1 31311
2 14963
1 5986
3 4939
1 5277
3 15898
3 14504
2 1142
3 21608
1 19959
3 6363
3 17725
3 1092
3 20021
3 10889
3 12697
1 23769
1 8630
3 29841
1 31858
1 17761
3 28301
3 31403
3 23591
2 25643
3 12931
3 30173
1 1802
2 32539
3 10131
3 23814
2 32737
1 11304
3 30829
1 15704
1 12902
2 20957
3 17655
3 25302
2 24520
1 30681
3 30407
2 20698
1 23336
2 26446
2 26026
3 2705
3 5661
2 7045
3 19489
1 11133
3 32048
3 601
2 3039
1 20466
2 9312
1 3256
3 16972
2 19865
2 17311
3 3877
3 11525
1 15344
1 852
2 29240
2 24153
2 19656
2 6359
1 13084
2 16845
1 29894
3 13048
2 13329
3 28825
1 25571
2 13944
3 23784
3 22057
2 19948
2 19086
3 2953
2 9373
2 771
2 13667
2 21616
3 6473
2 22556
1 2199
3 4907
3 4406
2 24448
2 7610
3 19166
1 28064
2 29005
2 25299
2 22208
3 18549
1 1012
1 30429
2 27291
3 30940
1 21690
3 5701
2 25424
1 26540
3 24632
3 22381
3 26448
3 13297
2 10971
3 14124
3 22308
2 10090
3 22885
1 30028
1 3558
1 31501
2 6505
3 16650
2 29126
2 27522
1 22995
3 13722
1 21638
2 7588
1 21342
1 9888
1 9214
3 21251
1 24860
2 15544
2 27289
2 28261
2 10481
1 25071
3 8150
3 18496
3 5144
1 32328
1 18632
1 21313
3 6045
2 1080
3 26774
2 4297
3 19681
1 19754
3 16636
1 21867
2 23066
1 17915
2 25288
1 23919
1 10960
3 27519
3 3678
1 12625
1 30817
2 5883
3 25652
3 23107
3 8830
1 6824
3 25943
2 26279
1 22444
2 11831
3 17380
2 16022
1 3523
1 11079
1 911
3 18524
2 19058
2 6641
3 27168
1 23801
3 15289
3 3389
3 16369
3 3233
2 8302
3 20393
1 24690
2 13117
2 185
3 24489
2 6821
3 23784
1 13976
2 15394
2 24993
1 31347
3 18012
2 238
1 19731
2 26082
3 1833
2 21339
3 27065
1 14060
1 7034
2 7852
1 23014
3 26495
1 14747
2 8343
2 17921
2 18490
1 17453
1 17861
2 7429
3 17649
1 12965
2 22101
2 9474
1 31020
3 18893
2 29273
3 23451
2 5288
2 9282
1 24151
3 9862
2 4053
2 2805
3 8137
2 21519
2 12374
3 7594
1 27037
2 27541
1 23940
3 19324
2 22710
3 19979
1 17644
3 6998
1 106
1 9849
3 20172
2 17531
2 18178
1 10873
2 25242
2 5888
3 4669
3 10938
2 31613
1 13389
3 17358
1 29568
1 3281
2 6048
2 1497
1 32034
3 13992
3 28297
3 26489
2 27786
2 19012
1 16750
3 18749
3 25529
3 7837
1 27657
3 6566
1 8768
2 13537
1 26085
3 25003
3 30152
3 11503
3 23269
2 8501
3 31371
3 2524
2 5054
2 31651
1 11225
1 18031
1 11896
2 13384
2 17556
3 14756
1 9968
1 31464
3 28596
2 19244
1 12120
1 2110
3 18628
1 30698
2 22710
2 2681
2 11363
1 9848
2 2913
2 25019
1 22724
3 19361
2 20360
2 11416
2 24111
3 24292
2 26026
3 9373
3 24445
1 7927
2 12063
2 19143
2 8863
3 9794
1 26253
1 25607
1 28952
2 20320
3 10356
2 17860
3 18559
3 27041
1 19363
1 29273
3 23294
2 15754
2 2496
2 1427
2 24533
1 24916
2 30661
1 28981
2 13272
1 23913
2 20093
2 2420
3 18924
2 8426
2 779
1 24954
1 27534
2 17964
3 12131
1 30695
2 18765
1 10038
1 19151
1 13131
3 23371
2 16965
1 12907
1 11950
1 4544
3 28232
1 425
3 22025
2 21879
3 24420
1 15054
2 21194
3 22606
2 31601
1 16243
3 18516
2 13754
3 32379
1 6406
1 24700
1 25409
1 28482
2 4422
1 10253
1 28927
3 25530
3 6858
2 15173
2 6690
2 5516
2 2427
1 16981
2 9581
1 18067
3 6933
3 15845
3 5561
2 30048
2 20394
3 9102
3 10863
3 25014
1 4639
1 19038
2 12303
1 24847
1 12461
2 10072
3 8364
1 789
2 9570
2 23026
2 5230
3 1578
2 11933
3 2197
2 527
1 7137
2 14229
3 3359
2 20318
2 32130
1 4307
2 29028
3 12735
1 20618
1 30899
2 15273
3 24233
3 23337
3 29671
1 2856
3 3110
3 2242
2 30196
1 1168
3 16727
1 15982
2 22963
1 3714
1 30445
3 32634
1 10705
3 24084
2 1969
2 25060
1 14671
2 21330
3 28926
3 21218
2 3075
2 9656
1 25409
2 11099
1 3862
1 24761
3 8832
3 5227
1 8580
3 12347
1 14032
2 15331
3 27807
2 32024
1 27869
1 22727
1 3211
1 22943
2 9830
1 32719
2 2243
3 15889
3 31422
1 18407
1 7315
3 5412
1 10060
1 16047
1 20381
3 6276
3 20492
3 11515
3 24148
2 32077
3 4108
1 11092
1 29316
1 28818
2 23024
2 1653
3 11208
1 25561
3 10350
2 29647
2 30738
1 10653
3 32467
3 5638
2 15398
1 25035
2 14716
3 20849
1 19487
3 13893
1 11869
1 28830
3 13289
3 26466
1 7550
2 6347
1 20421
3 10347
2 29049
2 3694
2 13513
1 19488
2 20478
2 18863
1 26973
3 16689
2 31311
1 23272
1 28095
1 24261
3 32196
3 7980
2 5248
1 247
1 13384
2 17597
1 11012
3 30036
2 5337
3 8084
2 29190
1 14174
3 21516
2 19933
3 26130
3 32012
3 21639
2 11385
2 22537
2 4936
2 26502
2 7034
2 21921
1 2672
1 23895
2 4778
1 25058
1 13013
3 26077
2 1541
2 32170
2 26943
1 16657
3 6714
2 41
2 13158
1 16252
3 10542
3 16230
1 11386
2 4798
2 5753
3 2232
3 16797
2 28170
3 29671
2 26958
1 15972
1 30376
1 30200
2 18088
2 10586
3 1138
1 14432
3 18204
2 28797
1 12887
2 21128
1 2642
2 26046
3 16091
3 15371
1 12744
1 2949
2 15509
3 313
2 14670
2 12587
1 4783
2 18328
3 8075
2 24446
2 19818
2 8799
1 24182
1 5441
3 16024
2 14073
2 13278
2 21417
2 28192
2 12680
3 14819
3 31457
2 23165
2 2399
3 20346
2 30343
3 2367
2 5510
1 20717
1 14893
1 26504
1 28986
2 8281
3 3545
2 31376
3 12394
1 32302
3 10885
3 24610
2 25659
3 12722
3 9887
2 7965
1 28550
1 383
1 12938
3 18420
3 11093
3 31744
1 9500
2 25903
2 23401
2 4088
1 22558
3 15335
1 29367
2 29948
1 21711
1 23630
2 10213
1 25587
2 20577
3 548
1 22994
3 8093
2 30842
2 17731
3 17420
3 19721
3 4020
2 6676
2 856
3 7198
2 23070
3 8728
1 27182
2 16403
2 22969
3 19552
1 9530
3 14326
3 23291
3 17941
3 12251
3 26409
1 20816
2 15089
2 6312
2 32224
2 916
1 26052
2 5606
2 12709
1 2202
2 28912
1 27155
2 17877
2 5032
1 9965
3 6239
1 25632
1 4344
3 29382
2 26926
2 17676
2 4665
1 12441
1 16023
3 10354
2 2828
3 19995
1 14568
3 7680
2 23944
1 15123
2 11039
1 7605
2 14007
3 10714
1 24434
3 28776
3 15126
2 8161
1 11208
3 26690
2 792
3 22059
1 22078
3 26943
3 26531
3 27086
3 18852
3 16818
3 7826
2 23670
2 6653
1 21182
3 10034
2 25826
3 22786
3 2269
2 1733
2 3942
1 15007
3 9308
2 21762
2 11879
1 2420
3 20957
2 6291
3 6882
1 27478
1 4820
1 29589
2 17638
3 30156
3 30218
1 8220
2 5141
3 4754
2 8221
3 15532
3 6182
3 13337
2 9214
1 26817
1 2406
1 23045
1 11122
2 12616
3 6451
3 26030
2 28563
1 19747
1 4735
2 16032
1 332
3 10665
1 19027
1 18203
2 25055
2 18212
1 24650
1 8339
2 27490
2 25938
2 20241
3 16432
3 2366
1 32740
1 19694
3 21327
1 16559
3 6914
2 31798
1 29696
3 2375
3 24517
2 27605
1 11655
1 30059
3 2235
2 26570
1 20699
2 10964
2 7783
2 6568
3 6442
1 11023
3 958
2 30999
1 8274
3 27645
1 21163
1 3152
3 9065
1 16468
2 2188
1 30885
2 5942
2 4124
3 690
1 25334
3 3254
3 24883
3 19173
3 8253
3 26008
1 12234
3 13278
3 13827
1 22722
1 5862
1 17868
2 10985
3 18122
2 18656
1 31439
1 10016
2 24189
1 22501
2 19328
2 25841
2 4443
3 20086
3 2919
3 28982
3 22552
3 6121
3 5507
3 15327
3 18205
1 14566
3 18630
2 30830
3 29446
2 22507
1 21654
3 20091
1 9506
3 5577
1 21837
1 23089
1 24566
3 13861
3 16569
1 31951
2 13241
1 6135
1 8861
1 32040
3 25305
2 32270
2 10543
2 30755
1 22133
2 10123
2 408
2 8507
3 25313
2 14433
1 1143
2 21248
1 23590
2 29147
2 12894
3 28565
2 31359
2 15126
3 83
3 4401
3 3804
3 31107
2 29777
3 2718
3 1891
1 14695
3 4548
1 14268
2 17386
3 9818
2 5649
2 7678
1 14975
1 21451
2 1291
3 23788
1 27616
3 21882
1 1407
3 28320
2 10243
3 10237
2 3497
1 14409
2 8847
3 26940
2 24508
1 27307
2 22369
3 24821
3 22110
2 12957
1 16136
2 22840
2 298
3 14730
1 21322
1 18156
2 4397
3 30192
3 25501
1 16968
1 5481
2 19428
3 14766
2 20315
1 1877
1 32140
3 3549
3 30341
3 10074
2 27556
2 19390
3 11515
3 10584
3 9721
3 9882
1 3399
3 12575
1 19441
3 32237
2 24518
2 7927
1 15617
3 4582
1 29481
2 11288
1 6453
1 2025
3 17652
1 22322
1 4524
2 16144
1 31234
1 8423
1 2329
2 29862
3 9982
1 6220
2 1092
2 14507
2 26859
1 14187
1 27271
1 12883
3 19869
2 4036
1 5713
1 13446
2 3134
3 18120
3 13734
2 8801
1 3531
2 25180
3 31388
3 9140
3 17812
1 25948
3 7136
1 10626
2 22976
3 15381
2 9519
1 17029
3 7110
3 30922
2 6110
3 16295
2 20725
1 24624
3 23379
1 10378
1 19180
3 17906
1 32137
2 32768
2 20515
1 14637
2 17295
3 22676
1 21601
3 245
1 2570
3 14591
1 323
3 26831
3 30127
2 20660
1 3771
2 23861
3 29642
1 31829
3 27535
1 22549
1 2745
2 6715
1 13782
1 7506
3 31345
1 12018
2 894
3 18241
3 11513
3 22970
2 31433
2 9005
3 30442
2 6407
2 15051
1 24020
2 10229
1 24322
3 5102
2 32744
2 27485
2 30215
2 4206
1 14991
3 30840
2 13605
3 19678
2 995
1 4915
3 1184
2 8353
3 882
3 23691
1 12914
3 5745
3 20159
3 29460
3 5830
1 13531
2 30144
1 25462
1 2171
2 5825
1 24414
1 26859
2 8616
3 21463
3 30200
1 32194
3 21522
2 14631
2 9184
2 15327
1 19895
1 20877
3 8156
1 3385
3 11591
2 15931
1 2470
2 11355
3 1701
3 24374
1 22125
2 29924
2 14186
3 19415
1 3410
3 1030
1 2915
1 6987
3 21484
3 10506
1 12558
2 32020
2 19140
2 9675
3 32289
1 8582
1 14809
2 16183
1 1027
3 29259
3 3357
1 7633
2 29777
3 6879
3 8438
3 32305
2 21850
3 24852
1 24255
3 12674
3 1699
2 19855
1 10565
1 28164
3 5476
3 9289
2 6474
2 28552
1 24841
1 11535
3 2565
3 26614
1 4018
2 19458
1 30111
1 16330
2 21172
3 27160
1 8632
1 9874
1 31509
1 11674
1 7136
2 29554
1 24084
2 676
1 1566
3 21921
3 2463
2 29608
3 13165
3 21737
1 18651
1 20971
2 5178
2 8747
3 30879
2 11782
3 29415
1 14296
1 11257
2 8294
3 75
2 19065
2 8360
3 25036
2 12336
1 2344
1 928
3 13262
1 26067
2 11797
1 1417
1 6484
2 28776
3 24322
2 16192
3 24348
2 22419
3 24007
2 26197
2 29751
1 30704
2 2255
1 20875
2 4746
1 28556
3 11161
2 19803
3 14158
1 23145
2 7992
2 16498
3 27536
2 24319
1 15059
3 8238
1 23729
3 2741
1 5158
2 13605
1 17639
3 32364
2 4095
3 12190
3 9146
2 27381
1 17090
2 3094
1 18056
2 23957
2 8421
3 18364
2 8450
2 23688
3 32629
3 25845
1 30124
3 21371
2 25743
1 16345
3 20065
2 20497
3 10215
1 12980
1 17613
2 3679
1 25413
3 2694
1 6897
1 21872
2 13059
2 19331
2 9123
1 9154
1 18065
2 17812
1 31499
3 11207
3 16625
3 30932
2 3879
3 8293
2 26939
2 18964
2 30791
2 20854
2 11033
1 1880
2 8594
2 6216
2 26444
3 15448
3 16767
2 5150
3 5158
3 22271
3 8797
1 13998
1 11790
3 7151
2 15052
1 8353
3 30719
2 27387
2 5698
2 19990
1 3081
3 21419
2 3463
1 4895
1 15311
1 31164
2 20281
3 26690
2 16647
2 18846
3 14408
3 1785
3 15869
3 31988
3 31867
1 22066
1 3600
3 28440
3 7913
1 9936
2 26163
1 16788
1 14977
3 16425
2 17774
3 20649
3 6787
1 15494
1 13659
2 30668
1 8964
2 13734
3 23209
3 9764
1 2414
2 16699
2 21916
1 17166
1 23806
3 15723
1 29323
1 25241
1 24388
1 27985
3 10848
3 18954
2 11431
3 25978
2 29468
3 17497
3 13534
1 18536
1 24656
3 18098
3 888
1 21265
1 5029
2 25845
1 22613
1 14689
2 32085
3 5686
2 4138
3 21172
2 27824
2 18750
1 23809
1 5725
2 28824
1 18696
3 20151
1 26659
1 2053
1 28997
1 11132
3 13502
3 8834
3 13017
1 6230
1 24158
2 28846
1 26715
3 4511
2 31012
3 1212
3 31385
1 13186
3 22439
1 17140
3 21778
1 21122
3 26481
3 8751
1 10874
1 25587
1 23935
3 15454
1 2361
2 13951
3 12997
1 12036
2 16364
1 31394
1 28839
1 19384
2 4578
1 6959
1 19841
1 6308
2 15265
3 26057
3 6432
2 8456
1 18271
1 874
2 31046
1 5560
3 12681
1 16608
3 30250
3 15769
1 23872
1 10058
2 22262
2 13864
1 22742
3 25759
2 20040
3 1012
1 29269
2 1064
3 30385
3 29471
2 7161
2 30466
1 7993
1 18401
1 8369
2 27805
1 26585
1 16133
1 10402
2 31551
1 11775
1 24170
2 3492
2 6273
2 18701
1 5506
1 32707
2 25040
2 5851
2 11734
3 31167
2 13550
1 22577
2 2945
2 1420
1 6255
1 23885
3 15793
1 20691
1 29757
1 611
3 24361
2 4463
1 6676
1 31768
2 18114
3 14833
2 7686
1 29702
3 2021
1 32285
1 32504
3 30011
3 17170
3 10090
3 7971
2 10426
3 18012
3 14726
3 3220
1 25080
3 32235
3 26319
2 6573
3 31584
1 13433
2 21723
1 17826
2 720
2 9173
1 12530
2 29948
2 13850
3 21859
2 5263
1 31257
1 20356
1 21146
3 14818
2 28074
1 8776
3 9604
2 80
3 22324
2 1813
2 10562
3 16626
1 9616
1 6284
2 10885
3 29458
3 30571
1 16323
3 22550
2 8369
1 13255
1 4293
2 848
2 11012
2 29304
1 30480
3 12448
1 24306
2 13479
2 12822
2 30732
2 22935
1 27986
1 8638
1 13737
3 15557
1 22986
1 25312
2 2595
2 13182
1 10804
3 15307
2 11065
2 18042
2 31241
2 22723
1 1086
2 167
1 6294
1 22651
2 9881
2 25508
3 8572
2 10400
3 2630
2 11334
2 25905
2 12878
3 7763
2 26387
1 8573
2 22168
2 10596
3 21705
2 2558
1 15108
3 31279
3 7896
1 8357
2 26125
2 26625
1 23524
2 24119
3 11167
1 9015
1 25668
1 10957
1 27039
1 21957
3 30342
3 9812
3 5217
2 5043
2 11241
1 16653
1 4911
2 7067
1 15584
2 9230
3 27848
2 26413
2 5526
2 27071
1 17375
2 2987
3 14949
2 9822
1 9112
3 27245
1 31837
2 16507
3 7183
1 12638
2 32195
2 6525
1 11985
3 11132
3 1680
3 1564
3 2912
2 24924
1 10478
3 5861
3 7091
1 2468
1 13758
1 12473
3 24756
2 18832
2 277
3 30029
2 7872
2 17774
2 30394
1 31659
1 23083
2 289
3 32425
1 22704
3 9145
2 4258
3 12691
2 30605
2 13606
1 6266
3 23900
2 16966
2 23967
3 7753
1 22940
1 6710
1 15943
2 10562
1 11295
2 8329
3 22195
3 12973
1 32101
3 20160
3 24942
3 26212
1 23842
2 24368
3 117
3 13142
1 22207
3 1411
2 14780
1 11271
2 21975
2 30518
1 17320
1 14094
2 23227
3 17434
3 8595
1 3989
3 32494
1 32467
3 4171
2 5597
2 18858
3 13660
1 17043
1 28600
2 21593
2 14720
2 28064
1 30989
3 16157
3 14690
1 9629
1 1111
2 30025
2 10231
2 2600
1 27430
3 16869
1 30087
1 17107
2 28316
2 13358
1 6191
1 19364
3 26609
1 21523
3 25698
1 4501
1 18672
3 9914
3 13667
2 24340
1 27768
2 761
2 26060
2 6276
1 14076
1 13789
3 6155
3 18618
3 1796
1 30502
2 20192
3 32130
1 30121
3 11721
2 21984
3 29720
3 26397
2 1133
2 31221
1 5550
2 27424
1 19950
3 4571
1 17389
1 28044
2 14813
2 22181
1 30060
1 14026
2 22782
2 3126
3 8762
1 15451
1 29129
2 31176
3 90
2 16720
1 9450
2 12905
2 4162
2 18130
2 25025
3 11641
3 31067
2 19611
1 10978
2 12077
2 13956
2 24955
1 10902
1 271
2 4752
2 980
3 5976
3 31355
2 29891
1 21022
1 26713
3 22819
1 32088
1 2916
1 23036
2 27020
2 29182
3 24516
1 16986
1 32656
2 31318
3 4339
1 13760
2 16090
1 11383
2 25272
2 31533
1 13165
3 26986
2 23404
2 20692
3 14877
2 2479
2 21632
2 160
3 14612
2 22966
1 23287
1 17578
2 10318
1 26214
3 24551
2 31685
2 27165
3 6554
3 14588
1 11763
1 29606
1 9887
3 28917
1 24813
1 17762
3 18103
3 26662
3 15519
3 13215
1 17817
1 17652
1 32682
3 32508
2 24047
2 13404
1 17376
1 15600
2 26070
3 31341
3 4811
1 4164
2 19297
2 21193
1 18982
1 12692
2 24855
2 8487
1 20579
1 18386
3 31345
1 29140
3 6435
2 4291
1 22621
2 18990
3 31169
2 22912
2 26045
1 18727
1 19912
3 18166
1 17384
1 6088
2 27512
2 28263
2 10024
1 10668
3 26693
2 15847
2 827
3 19840
1 11608
2 13535
3 2002
2 3466
2 23564
1 27789
1 27925
2 24607
2 625
1 28802
3 4125
1 10283
3 8141
2 26403
2 24440
3 1453
2 30998
1 2601
2 6057
2 30264
1 15738
1 28449
2 20389
2 17780
2 31447
2 8173
3 21847
3 19866
1 25155
1 832
1 23069
2 2044
1 23686
3 5414
2 28488
2 28026
2 28314
3 28538
1 21152
3 9998
2 28210
2 8814
3 2782
2 3649
3 1584
3 23815
1 21552
1 32180
3 2861
3 26013
2 23737
3 29080
2 8181
2 25183
2 20751
1 30774
3 10760
1 29134
2 14523
3 29288
2 5659
1 4925
3 8892
3 9246
2 27797
2 24408
2 8708
3 5338
1 13842
3 4250
1 6649
2 16436
2 12259
1 23508
2 23285
1 5719
1 20620
3 6317
2 3782
3 19586
1 7237
3 14877
3 29999
3 32136
1 18809
3 5873
1 28774
3 6736
2 13642
3 586
1 24980
3 10837
1 10251
3 13342
1 21848
2 23592
1 27077
1 437
3 68
3 26089
3 9907
3 26157
2 2910
3 13778
3 9158
3 23286
1 12449
2 29356
2 17185
2 87
3 10105
1 19543
2 22686
3 5608
3 24906
2 7238
1 20039
1 17174
2 5610
2 22017
2 6366
3 12194
3 8226
2 18338
2 31829
3 27681
2 10802
3 10840
2 8279
1 10877
2 10826
3 743
2 29885
2 18035
3 12049
2 21030
3 26138
3 7700
3 31778
3 5504
2 25136
2 14916
1 30346
3 6004
2 11384
1 18238
3 24907
1 4116
1 670
2 23822
1 27100
2 5513
2 4354
1 6165
2 1190
2 23694
2 14137
1 392
2 6537
3 18672
2 7305
1 18417
2 85
2 19989
2 5233
3 18349
1 19793
3 8050
3 21279
1 25452
3 28088
1 12563
2 29176
1 11445
2 5175
1 2071
2 17427
1 23647
1 30064
2 23345
2 31422
1 6937
2 21627
1 809
1 6648
2 6627
3 24415
1 15193
1 15605
3 31378
2 23453
1 12848
2 10910
1 2128
1 8869
3 27058
1 14862
1 16410
3 28255
2 26613
2 1813
1 10560
3 30116
1 14246
3 30393
3 32232
3 22722
2 14466
2 2992
3 9100
2 24059
2 16350
3 2791
1 29559
3 32263
1 2336
1 28671
1 21324
2 16525
2 30275
3 12747
3 7551
2 26798
2 8278
2 22227
2 23002
2 29051
3 14334
2 22996
1 17914
1 23162
2 13808
1 24125
1 11727
2 17445
3 23416
2 13491
3 5151
3 23658
3 756
3 12174
2 11011
2 6956
3 16473
3 18266
2 7273
1 20160
1 20910
2 3927
1 8849
2 30833
2 24460
3 31226
1 28816
2 30973
2 3492
2 28009
1 27344
3 3350
2 23353
3 10243
1 12173
2 6626
3 21409
3 29910
3 28505
2 18811
2 3785
3 12327
2 5529
2 30575
3 430
3 7149
1 16646
2 27969
2 7908
1 1110
3 3118
1 28391
2 18195
3 13377
3 9712
3 5962
3 2421
3 14786
3 14852
1 1225
2 13401
2 31393
2 10608
2 21942
3 13731
3 6363
2 4884
2 29911
2 19274
3 10016
3 11295
3 13798
3 985
3 11603
2 26775
1 16914
2 3823
3 32014
1 29653
2 21628
1 23998
1 22043
1 30982
1 18106
1 5007
3 23292
3 15276
1 27992
2 17981
1 21859
3 27
2 17490
3 3766
1 19130
3 17404
3 27547
3 27005
1 24733
2 18125
2 29593
1 26410
1 4443
3 25183
2 31143
3 11496
2 12409
3 13143
1 5265
3 17655
2 16175
1 4526
3 4380
1 16168
1 4329
3 22833
1 32379
1 8547
2 16328
2 514
2 2779
3 10276
3 28958
1 2325
2 12248
2 22265
2 27125
2 10419
2 12038
1 22790
2 29576
2 24826
2 24169
1 12674
2 4040
3 20571
1 17661
2 15415
2 32217
1 23579
2 1838
3 32262
3 3730
2 10451
3 9057
1 17760
1 18689
2 25328
1 32362
1 6862
1 24293
1 22324
2 16403
