2473 23231
2 24530
2 24338
3 18130
2 25491
3 19998
2 12113
1 12146
2 21769
2 30600
1 19541
1 2280
1 11040
2 16638
2 4957
3 29550
1 10488
2 12204
1 9229
1 1223
2 21337
2 14213
2 8942
2 7861
3 31530
1 6593
2 3049
3 21891
3 22522
1 21337
3 5328
3 26236
2 12922
3 7053
2 8150
2 15985
1 7937
3 29279
3 15889
1 4151
2 18439
1 16150
1 16895
1 31527
3 18602
1 32444
1 25086
3 16797
1 5932
3 671
2 27347
3 3961
2 32627
2 16084
3 548
1 20641
1 11656
3 10415
1 30974
3 6013
3 18456
2 9549
2 11856
3 4985
3 6902
1 2058
3 365
3 6023
2 20887
1 8459
3 21646
3 12442
3 16789
1 23477
2 8014
2 19500
2 17709
3 27956
2 4396
1 28345
3 9664
2 4854
1 17420
2 31298
1 5717
2 24877
1 32439
3 1227
2 15894
1 8528
1 1879
3 16093
1 21199
1 16538
1 1531
3 27141
1 17266
1 20106
1 30489
3 24403
1 29334
3 2913
2 11783
1 9692
2 243
1 1703
1 26496
3 6456
2 10215
2 19879
2 27686
1 8196
1 9205
2 10734
1 17146
2 29281
2 12096
3 28624
1 29670
1 28788
2 3092
3 23779
3 23091
2 2276
1 8030
2 1666
1 1811
1 12127
3 6959
2 22603
3 13337
1 25365
1 14653
1 8865
2 17852
3 17723
1 1377
1 14635
1 24024
2 16266
1 14362
1 8532
3 32300
3 15038
3 8457
1 20681
1 15069
2 25879
3 8563
2 31741
3 31985
3 2267
2 14019
3 29864
3 21717
2 29393
1 5381
3 6212
3 23768
1 26823
3 20843
1 20111
3 11181
2 12302
2 7372
1 6156
1 22253
1 9209
1 3616
3 11394
2 1427
2 23650
2 32006
2 10619
2 4734
3 25637
2 27710
2 20678
3 16115
3 32675
3 1071
3 22261
1 29976
1 832
1 7522
1 16864
1 6778
1 14820
1 23300
1 22304
2 29320
1 23422
3 21864
1 6805
1 4374
2 4989
3 21635
2 23777
2 23771
3 5973
3 6767
2 23018
1 8691
2 19712
3 15849
1 26460
2 13405
2 379
2 5331
3 13093
2 8830
3 12101
1 11954
1 4599
3 30620
1 21731
1 24369
1 24010
2 3684
2 23390
2 22684
3 25687
3 29541
2 3267
2 22117
3 26013
3 22419
3 6818
2 22435
2 8800
1 4804
1 13456
2 27022
1 31397
2 13878
2 11941
2 517
2 7224
2 12040
2 14335
1 27144
3 16678
2 30908
3 8509
2 14398
3 32323
2 24508
1 13060
3 23408
1 8614
3 21458
3 5246
3 13580
3 8488
2 19118
3 16854
1 17315
3 6376
2 12900
1 4797
2 23915
2 22985
2 29675
2 20712
1 31422
1 2034
2 1438
1 24208
3 4249
1 18766
3 3519
1 27889
2 31518
1 1034
3 5360
2 17099
3 30738
2 11546
2 18616
1 4836
2 12640
2 9908
3 19972
3 25220
3 22420
2 11987
3 9123
2 32759
2 19553
3 23989
3 5321
1 2319
1 23835
2 13405
3 15245
3 415
1 3389
1 15122
3 4971
1 31233
1 28901
1 12254
1 7106
2 17809
1 5971
3 17680
2 2647
3 16688
3 1390
2 28603
2 3537
2 10690
3 16447
1 17972
1 8251
3 688
2 26484
2 28312
3 27013
3 3175
2 24542
3 7492
3 12802
1 19159
1 3572
2 9051
2 25835
2 7156
1 8269
3 3395
3 8923
1 24120
3 27177
1 20776
2 25682
1 10016
3 19945
3 3448
3 11315
2 2475
2 14227
2 22374
2 19013
2 27870
1 10063
2 6503
3 11701
1 29251
2 19437
3 439
1 18322
2 27748
3 11613
3 213
1 32080
3 25941
3 26420
2 22531
3 11078
1 13608
3 29486
2 14279
2 14128
1 10358
3 934
1 28269
1 12974
1 14045
2 28192
1 9859
1 3523
1 18812
3 9664
1 13659
1 22870
1 4473
1 17872
1 31116
1 6580
3 28283
1 11326
2 18801
3 10508
3 25905
1 9243
2 29097
3 10738
3 9673
2 8221
2 17301
1 2525
2 8825
3 1310
1 13277
2 5033
1 13818
2 1179
2 2284
1 4630
3 23048
2 1846
2 6511
2 583
1 28131
2 10037
2 6874
1 22083
1 3281
2 15104
1 32739
2 18296
3 29850
3 28583
3 26373
1 14643
1 31755
3 29530
3 6398
3 11048
1 6516
1 12270
2 5970
1 15345
1 31017
3 5471
1 15046
2 15239
3 9220
1 29768
1 25061
2 19914
3 13793
3 26733
1 12158
1 7423
1 9249
1 21298
3 22820
3 7245
2 5160
3 26145
3 1453
1 23103
1 16864
2 15720
1 15283
2 25413
2 30259
3 2648
1 24599
2 13363
1 3476
2 19944
1 17529
3 15552
1 3703
1 9008
2 17856
3 29192
2 20437
2 6638
3 31384
1 28939
2 12201
2 8452
1 29167
1 12588
2 22901
3 248
3 376
3 18099
3 7358
1 26226
3 9257
1 13643
3 21387
1 31938
3 26812
1 21124
3 22762
1 6232
3 28721
3 14418
3 3947
2 29001
2 31818
1 18316
1 30628
1 28113
3 3597
3 14958
1 22187
3 31948
1 5190
2 18200
2 27807
1 59
3 10755
1 21005
1 15135
1 18373
3 25878
3 12469
1 23505
3 6964
1 13463
3 31707
3 26333
3 21748
2 20319
1 29231
1 26991
2 3223
2 12941
2 27333
1 27705
3 20819
1 12293
2 22420
3 2542
2 29826
2 3308
2 22520
1 5576
1 25634
2 12334
3 23345
2 20995
1 5459
1 24824
2 21218
3 13920
1 32475
2 5439
3 30099
3 18083
2 9125
1 20535
3 4399
2 30997
3 11582
2 4316
2 28038
1 11522
3 5719
1 20588
2 16076
1 12604
1 25926
1 4331
3 10264
3 23191
1 30340
2 31646
2 19943
2 10859
2 22320
3 3984
3 30870
1 1301
2 12171
1 24592
3 18155
3 30838
1 15738
2 25393
3 28813
3 4723
3 24327
3 20553
3 6279
2 18291
3 11488
1 3699
1 12234
1 26852
2 9431
2 13069
1 26536
2 11190
3 25696
3 4154
2 13401
2 16094
1 29462
1 21345
2 24441
3 29141
3 7478
1 13229
3 10888
1 27414
1 24099
1 12427
2 361
3 28323
1 23264
2 24622
1 15588
2 13441
2 27801
3 19982
1 29988
1 20280
3 15131
1 26981
2 25657
3 8788
2 26455
2 945
2 22679
2 26854
1 17891
2 24373
3 14230
1 19459
3 10616
2 19831
3 4080
2 2372
2 15733
2 24003
3 15430
3 10565
3 28763
1 7079
2 5531
1 17959
3 28239
2 23925
2 13783
1 25102
2 11163
3 8901
3 19013
2 19874
3 32558
2 752
2 30229
2 7826
3 19735
1 11158
2 17627
3 13837
1 16654
1 28441
1 11535
2 22343
1 6379
1 25375
3 8843
1 19962
2 32556
3 3860
3 14608
1 9442
1 30067
1 10918
3 22209
3 27712
2 20230
2 27719
2 30374
3 4184
3 15182
2 26542
3 31530
2 16371
3 24665
1 31830
1 4254
2 25310
2 1368
1 21502
2 8116
1 8297
1 19745
3 28967
1 20484
1 30185
1 173
1 19866
1 6794
3 23862
1 27035
3 2271
3 27686
1 814
3 15532
3 9927
1 22555
1 3632
3 5189
2 24035
2 23185
1 29857
1 31473
2 30218
2 11028
1 25451
3 1500
3 14039
1 7954
1 13433
3 32601
2 26152
2 7264
1 30012
1 8540
3 22176
2 7094
2 32041
3 24576
3 1574
2 15150
3 5177
3 17411
1 19557
2 24777
2 10599
1 21829
3 6474
3 27882
3 6454
2 5453
3 17289
2 31961
3 1064
3 2500
1 26392
1 15681
1 13640
1 22264
3 21425
1 19635
1 6305
2 27226
3 2900
3 11809
1 16837
2 13568
3 20675
1 19300
2 583
1 30244
1 17925
3 1974
1 4161
2 5539
2 6884
3 25144
1 15567
2 3710
2 19311
3 10349
1 14994
3 26973
1 28281
2 14525
3 29742
3 18183
3 5144
3 21747
3 29388
3 31468
3 13350
2 1216
1 21657
3 13723
3 11459
2 2102
1 21316
3 16204
3 20689
1 23118
2 23172
2 16983
3 1654
3 17250
2 11920
1 9659
1 30110
3 31667
2 8869
3 30616
2 18039
1 24036
1 24452
3 26549
2 28659
3 10621
1 14834
3 20987
2 5706
1 21866
1 6454
2 22776
1 31093
1 29305
2 28062
3 4189
1 29620
3 7647
1 14074
1 14208
2 2056
2 948
2 6943
2 987
1 186
3 29042
1 3173
2 31627
2 7634
1 30842
1 42
3 24530
3 21409
2 8336
1 13645
2 10133
2 6456
1 10842
2 2740
1 2527
1 18158
1 25060
1 26054
1 6236
1 1246
3 287
1 10481
2 27103
3 18791
3 8797
1 14886
2 21724
3 26538
1 17110
3 6488
2 14831
3 11791
2 21799
2 1793
2 24147
1 5313
1 25550
1 15004
1 22124
3 31789
2 17327
1 10540
3 62
3 31623
3 22162
3 23476
3 3571
3 16197
2 23971
2 21949
2 8281
3 30626
2 23536
1 3027
1 29025
3 22300
1 2287
1 27144
2 3745
2 8438
1 21237
2 27247
1 9171
2 18359
3 29120
3 15266
3 21844
3 7081
2 2286
3 30525
1 10918
1 2396
2 23171
1 26721
3 2287
2 26656
3 2407
3 25138
1 15735
2 22670
1 27622
3 9817
1 6190
3 13056
3 28206
2 23427
1 5667
3 1556
3 1237
1 5088
3 7182
1 9517
3 12112
3 25509
2 16583
2 18161
1 2685
2 1930
1 10189
1 13260
2 29466
3 6989
1 27585
2 1132
1 14411
1 24621
1 6376
3 28740
2 24089
3 4975
2 14252
1 11273
1 28653
2 21725
3 26395
1 22584
1 25369
1 7490
3 1894
1 32653
3 2383
3 17647
2 29795
1 9613
3 4904
2 6713
1 20492
3 25854
2 8862
2 2040
1 23806
2 7785
1 28050
3 19466
2 26875
1 13983
3 28744
2 15822
1 18281
3 25905
1 12262
3 9386
2 23505
3 4855
1 3321
2 7814
2 13408
3 18570
3 9711
2 5710
1 13417
3 11465
3 18846
3 19060
1 20193
3 4952
2 31163
2 25451
1 20705
3 6940
3 32100
2 6701
3 15400
3 23745
3 919
3 28342
3 12694
2 10548
1 21944
2 28294
3 27570
2 22569
1 6672
1 2851
2 18726
2 9878
3 9800
3 149
3 26430
3 9526
2 25074
3 19433
2 19564
3 14088
3 14592
1 12719
3 8902
2 8141
3 7755
1 21627
2 646
3 8845
3 7694
1 23399
2 19594
1 12307
1 104
1 10384
1 5330
2 9580
2 31709
2 8085
3 7428
2 6764
1 30678
3 31771
3 24299
2 16424
3 24348
2 14411
3 9971
2 20349
2 609
3 850
3 16047
3 1928
2 2743
2 18400
1 10068
3 15404
3 31767
3 17066
1 25660
1 29840
3 18396
3 10472
3 21860
2 6558
2 28485
2 24280
3 8685
1 13445
3 13815
2 15929
1 12958
3 15672
2 25720
1 27857
1 15457
1 30957
1 6836
3 17127
1 23234
3 26782
2 12924
1 16841
3 14963
3 18315
2 12803
2 6728
3 21450
3 6582
1 20063
3 17207
1 13633
3 19046
2 32270
1 8175
3 24054
2 23205
3 7022
2 14030
2 10281
1 8129
3 5956
2 30644
2 17345
3 4559
3 15158
2 4741
3 16582
2 10787
3 31825
3 23977
1 10728
1 20954
3 23940
2 19599
1 12023
3 24656
2 25122
3 30245
2 24425
1 10666
3 4196
2 11106
2 29911
1 7501
3 997
1 7613
1 11648
3 29797
2 4132
1 5555
2 14021
2 28768
3 29446
3 14661
1 10155
3 10608
1 5969
1 25207
2 2908
2 27916
1 26418
2 1490
2 31655
1 11375
3 11959
1 10467
1 19323
2 31512
3 3670
1 26809
1 16752
1 7496
2 32101
3 4203
3 25150
2 9863
2 23712
3 16272
3 19267
3 10272
3 6310
3 8390
3 7425
1 28576
1 23676
1 12332
3 30110
2 21851
3 21512
3 4583
1 31587
2 6887
2 32407
2 30881
2 30525
3 22943
2 4440
2 7173
3 32575
1 289
3 27102
3 16196
1 12574
3 26064
3 4258
1 18323
1 31924
1 24403
2 19327
2 25258
3 32382
3 30485
3 16436
3 15687
1 27166
1 9923
2 9958
3 18857
1 1241
2 9936
1 3227
1 5654
1 12313
1 19700
3 9664
1 13142
2 1005
2 31401
1 12452
3 11061
1 31108
3 7085
3 26618
1 1796
3 9654
2 13443
1 1371
2 26137
3 891
2 242
1 21442
2 9290
2 20081
3 8836
1 21006
2 4214
2 27994
3 24328
2 25988
3 13053
1 27804
3 28432
2 7242
3 9283
2 2240
2 23668
1 32749
3 29489
3 18676
3 28877
3 30684
2 7091
3 10633
1 13307
3 15339
2 3387
3 22133
3 31392
1 22225
2 16701
2 30162
1 1186
3 14506
3 25009
1 605
2 11181
2 22901
1 32660
2 13816
3 8623
3 27543
1 22887
1 1064
3 16218
3 7766
2 12718
3 9367
2 25253
2 28767
2 13682
2 11668
2 23884
3 4673
3 29376
1 16014
2 29515
2 22768
1 24360
3 15005
2 26983
2 16451
3 28223
2 4857
1 9125
3 32118
3 14365
2 8576
3 21457
2 8616
3 12256
1 4917
2 14328
2 19550
2 27175
1 25276
3 26862
3 28158
1 29592
1 25311
2 14537
1 6741
2 14170
1 22795
2 8548
2 27410
3 30107
3 10196
2 17118
3 29257
3 18956
3 2413
3 29208
3 15601
3 16992
2 23088
1 22330
2 25958
1 1232
2 29468
2 7215
3 13799
1 1690
3 5202
2 11044
1 23321
2 21118
2 24472
3 32013
2 9858
3 24383
1 25302
2 30752
3 24847
1 30248
1 12956
2 24151
2 11663
1 10629
1 5273
1 19443
1 31542
2 23333
1 14885
1 17908
3 2075
2 21215
1 2744
3 22690
3 29626
1 25866
3 32369
1 17927
3 24947
1 10499
3 2192
1 17522
3 11016
3 16298
3 4604
1 19701
2 8995
2 10725
3 958
2 31208
2 26574
1 12060
1 24964
3 30053
2 17657
3 21436
2 29727
1 30666
1 9976
2 24501
1 1029
2 22074
1 7426
3 29948
1 9168
1 8475
1 27571
3 13833
2 2749
2 21145
2 12170
2 31833
1 32558
2 3362
3 3948
2 7917
2 20777
3 27112
3 32543
3 18634
2 25814
3 22371
2 4560
1 24439
1 19716
1 1996
3 23695
2 31106
1 30117
2 28579
3 26829
2 25851
1 24142
2 21546
3 14052
1 15863
1 25784
2 27111
1 20623
1 5391
1 8002
2 806
3 27502
2 9694
2 18284
1 20084
3 7044
3 7558
2 13405
2 9510
1 5560
2 28972
3 25950
2 27088
2 599
1 17528
3 7261
2 30414
3 24465
2 24598
1 2156
1 7359
1 29687
2 14391
3 63
2 12548
1 20739
1 785
2 19633
2 11333
2 26001
1 24410
3 831
3 22765
2 8286
1 2769
1 28811
2 4521
2 8848
1 10422
3 4826
2 4077
3 558
3 6221
3 9367
3 19055
3 7331
1 23391
2 14030
3 25514
1 31039
3 3256
2 23474
3 10332
3 15286
3 26282
1 24856
2 7689
2 9887
1 22921
1 6905
3 8566
1 11766
1 12845
2 15860
2 5422
2 6555
3 20595
1 18890
3 8192
3 14288
1 28092
2 992
1 31615
1 8127
2 29548
2 448
2 21121
1 1010
1 24940
3 17304
2 12192
1 5337
2 17577
3 24249
1 31676
1 29512
1 15763
1 14361
2 3192
2 13046
2 5791
3 20178
3 17080
1 27903
3 27333
2 5794
2 14633
3 25187
3 23554
1 25193
3 697
2 11909
1 23000
1 24237
3 31003
1 2477
1 30665
2 7193
2 6980
1 7046
3 21471
3 10745
2 31729
3 23968
1 3368
1 16576
1 16415
3 3567
3 18994
3 31875
2 11665
2 12618
2 20371
3 10108
3 18765
1 9709
2 9828
2 5255
2 1567
2 17912
2 21184
3 2472
2 789
1 6638
1 6730
3 14979
1 23041
1 6967
1 23204
2 21218
1 32250
3 1694
1 28665
1 4403
3 10716
1 16083
3 11125
1 28936
1 24259
2 16106
3 22983
3 26005
2 29332
2 7386
2 22950
3 9269
1 11892
1 7167
2 16968
2 32485
2 32079
1 20377
1 6636
1 20167
1 10834
2 19787
2 7250
1 28321
2 12145
2 28573
3 4414
2 17756
1 5091
1 10362
1 13049
1 24709
2 23201
1 25522
1 9424
3 7887
1 234
1 31097
2 31123
1 27279
2 3266
1 12519
2 18966
1 1087
1 11118
1 21110
3 23476
3 23804
3 24569
3 19079
3 22215
1 263
1 16818
3 23517
3 3377
2 4679
2 19116
3 25119
1 20694
2 21190
1 13885
3 9307
2 23072
3 16176
2 28544
2 14206
1 15993
2 14679
1 4051
2 28893
3 30421
2 17074
1 27993
3 26799
2 30246
1 18137
3 14713
1 3216
3 20453
2 30218
1 12125
1 16896
3 28304
1 12199
3 21109
2 6370
3 23078
2 31926
3 15601
3 3582
3 3756
3 6752
1 32330
1 23935
1 25260
2 5234
2 2489
2 25974
1 32177
1 28639
3 13502
1 6229
2 24269
2 25916
1 17819
3 32628
3 29459
3 11075
2 4567
1 19855
3 15389
1 20817
3 11452
2 326
1 1670
3 10728
2 9689
2 6044
3 12401
1 17709
1 22400
3 20089
2 1
1 31594
3 17737
3 30504
2 2527
3 1933
2 2701
1 22746
3 10167
3 12712
3 22764
2 8993
2 32443
1 2415
1 1736
2 28789
3 5663
3 12477
3 11719
1 22706
3 32155
1 13840
3 22869
3 5016
1 1004
2 32520
3 17696
2 11082
2 32082
2 17132
3 11162
3 16080
2 6676
2 5413
1 9338
1 21653
2 19704
1 32704
3 4923
1 15594
1 16844
2 11760
3 9628
1 1153
1 25568
1 9866
2 25118
2 30450
1 29832
1 5768
3 18058
2 12602
2 12703
1 11143
1 30312
3 17463
3 3071
1 32329
3 31113
3 26413
3 28170
2 3379
2 2686
1 14916
1 4645
1 18128
3 29982
1 6407
2 26935
2 9292
3 1284
1 31974
2 4398
3 21497
3 1038
1 28597
3 23418
1 29646
1 18655
3 3628
2 25488
3 23523
1 21854
1 6757
1 13673
3 30967
2 1334
1 7777
1 1025
2 14058
1 19540
3 7811
1 28632
2 31555
2 1388
2 23571
1 23924
2 12203
3 20595
1 10173
2 23517
2 23663
3 294
1 17423
3 6943
3 21250
3 7554
3 22526
2 29387
3 26746
2 27722
3 29026
1 30839
2 16398
3 4997
3 6005
2 9786
2 9630
3 18173
1 27992
3 4401
2 30763
2 1729
2 25742
1 12284
1 9306
3 28068
2 32639
2 12609
1 12022
3 4027
2 9207
3 25128
1 20331
1 26851
2 32164
2 9438
1 6732
1 23353
2 28827
2 30483
1 15309
2 15776
1 7124
1 2171
2 16970
3 31294
3 27561
3 24913
2 30910
3 15615
1 15451
2 6351
1 20813
2 12817
3 3213
1 7095
1 24507
2 21606
1 16327
2 717
3 25586
3 19510
3 28917
2 31066
1 25727
3 23930
1 21733
3 13227
3 22805
3 26226
1 11469
3 30096
3 25866
3 28191
3 18626
2 10462
2 8661
2 17098
1 6722
1 1006
1 31126
2 10363
2 22187
3 16411
3 4494
3 6019
2 10689
1 24647
1 17571
3 2803
1 30764
3 1879
2 11741
3 24354
2 12791
1 24243
1 17132
1 16427
1 13587
1 3271
3 32415
2 10349
1 16338
2 15236
3 7022
2 28425
1 29549
2 11999
1 24049
1 26215
2 26238
2 27473
2 28519
3 2738
1 18310
2 27734
3 18480
1 16471
2 3944
2 27374
3 10835
1 8842
1 17389
2 13343
1 11257
2 25025
3 19006
1 3953
3 20976
2 12855
2 18797
2 13681
1 14890
3 19050
3 7404
2 22062
2 22075
3 29085
1 22291
3 12223
1 13790
2 7767
3 21407
1 13499
3 24944
2 9442
2 23086
3 17087
1 17523
3 30157
2 20676
3 26860
1 10252
2 27755
3 32329
1 15974
1 15750
1 11602
2 23817
1 18646
2 14541
2 5340
2 32051
2 29417
1 31476
2 13737
1 30554
2 4815
2 19632
2 26396
3 28407
2 188
2 10458
3 25561
3 9444
1 15723
2 5873
2 30797
3 6626
1 10390
1 5525
3 16678
2 16661
3 18303
2 5389
3 31191
3 17027
2 7019
1 450
3 23317
2 19864
1 2081
2 24258
3 2397
3 31653
3 19055
2 28735
1 4971
3 16988
1 32421
2 30221
2 196
1 30294
2 14104
2 30247
2 28718
3 23949
3 8865
1 5930
1 17970
2 20963
2 17179
3 2776
2 27553
1 29593
2 13289
3 2199
3 7180
2 27608
1 109
1 22511
1 17483
2 16172
3 2706
3 27408
3 28919
1 12291
1 323
3 2377
3 19695
2 12595
2 26354
1 2450
2 12247
1 26737
2 10258
2 7428
3 15508
3 16603
1 16797
3 10587
2 4050
3 3439
3 30607
3 13179
2 32382
3 15250
2 7017
1 23016
1 25676
3 5514
3 25263
2 24396
1 562
3 5379
2 19818
1 17653
2 27883
3 17806
3 7334
1 30037
3 2934
3 14110
2 22773
1 32384
2 9620
3 137
3 26859
1 23729
2 589
3 21005
3 14240
3 21701
2 5739
2 6088
3 27441
1 24254
1 17150
2 11327
1 11071
1 8258
3 9174
1 6872
2 30574
3 30490
3 28172
1 29279
2 3559
3 5043
2 24186
3 10117
3 25047
1 9120
1 14398
2 1885
3 8686
3 3094
3 21307
2 14813
3 20193
2 13422
2 15000
1 21603
3 25065
2 24743
3 23359
3 31789
1 833
1 7138
3 16991
2 6368
1 20651
1 13028
3 27627
1 5890
1 13292
1 16023
1 8473
2 14976
3 18763
1 16009
2 26339
2 296
3 22039
2 17260
3 31881
1 5424
1 20254
3 10644
2 27149
3 20398
1 28470
3 25468
1 7862
2 19229
1 23992
1 21569
2 8077
1 1503
1 25856
1 14886
1 17891
1 5301
3 14574
3 10510
2 3530
2 25928
2 19816
3 5381
1 29847
2 4260
2 15574
2 27832
1 26470
2 15800
1 16036
2 17400
1 16790
2 5079
1 11716
2 3642
3 23369
2 15674
3 7977
1 26906
3 10213
1 31100
2 2125
2 30420
3 25750
3 16412
3 30124
2 18634
2 22217
1 29439
3 20807
2 23041
3 6835
2 8427
1 14626
1 6563
1 456
2 22541
2 26054
1 1406
2 324
1 2164
2 8384
2 21636
3 12453
3 30355
2 19232
1 12617
1 22575
3 15811
1 29691
2 1160
2 3943
2 25279
3 32489
2 20383
1 27545
1 30246
2 23175
1 5902
1 15954
2 18173
3 18166
1 23804
3 25574
3 9514
3 11355
3 11185
2 8683
2 13306
3 349
1 12317
1 5564
2 19612
1 16810
3 25680
2 13047
3 28835
3 29810
2 18944
1 20991
1 19592
2 17130
1 13575
3 20091
2 18982
1 7883
2 9698
3 13781
1 13116
3 30928
3 13362
1 1469
2 25583
1 1852
3 2367
2 31395
2 3397
1 7249
3 27248
1 28224
3 1963
1 3290
1 21460
2 17934
2 13680
2 9890
1 8861
2 29131
1 30023
2 14075
1 20383
2 31226
3 9417
3 8504
2 14805
3 7778
2 13041
1 1331
1 221
2 1165
2 17055
1 30152
3 28535
1 30282
3 23829
1 16215
3 30218
1 12331
2 13437
3 15942
2 13599
1 16392
3 30305
1 17789
3 6116
3 29562
2 11824
3 5353
1 32426
1 22113
3 14272
1 24570
2 31079
2 16735
3 16839
3 25636
3 4660
2 30810
2 24673
2 3937
1 10192
3 22782
1 12173
3 13997
1 22556
2 6457
1 1456
3 23689
3 31390
2 5565
2 13840
2 1914
1 11006
1 12417
1 25434
1 10375
2 25483
1 16193
2 25117
3 4542
1 10167
2 2553
1 11085
3 31919
2 16022
2 22894
1 24257
3 8431
1 32100
2 5541
3 21941
1 23190
2 8700
2 29802
1 17736
1 24769
1 15713
3 14282
2 28927
1 3090
3 11833
1 31897
1 27968
1 11563
1 11085
2 6381
2 29144
2 29495
1 24075
1 2721
2 15478
3 25185
1 3332
3 30164
3 814
3 23130
2 22126
3 13159
3 30455
2 11479
3 31395
3 28546
1 22061
1 17425
2 13984
2 22544
1 3855
2 22852
2 11911
1 23358
2 29250
2 15152
3 26653
3 30208
2 30028
2 9371
1 21837
3 4748
3 1306
3 8909
3 28323
2 30428
2 26747
3 3090
1 24018
2 17201
3 12963
3 1596
1 14382
2 139
3 17833
3 7454
2 18739
1 16178
3 25865
3 26898
2 27900
2 17712
1 22563
3 17780
3 31437
3 19668
2 7353
3 5925
3 16266
2 21296
3 10613
2 8969
2 2109
3 30364
2 16481
2 29833
2 15508
2 25906
3 20845
2 21521
2 2400
3 23376
1 27885
2 19859
1 6935
2 12825
1 17944
3 18179
2 26707
1 32243
2 17802
2 9945
1 3153
2 15626
1 11202
3 2707
3 12659
2 5580
2 17317
1 3376
1 3006
3 9579
2 9466
2 7605
1 25437
3 24159
1 1772
1 26027
3 12060
2 30433
2 8843
2 16287
3 16110
2 26481
2 9546
1 15777
2 30312
1 31057
1 13187
2 16326
3 5955
2 25863
3 31471
3 6823
1 7134
1 223
1 21806
2 19936
3 8633
2 32614
2 31301
3 19089
1 25595
1 15857
2 17179
2 18911
1 17901
1 8980
1 31739
3 13172
2 28029
3 3371
1 18197
1 5115
3 28092
2 20692
1 3836
1 9126
2 353
1 18291
2 2346
2 23720
1 21827
1 28077
2 18552
1 8635
1 25315
1 4590
2 24486
2 29851
3 23264
1 4835
1 5081
3 15496
3 8064
2 11776
2 7960
1 7368
2 20270
3 24059
3 718
2 23331
2 24310
1 18767
2 27211
2 22118
3 17675
1 16570
3 7491
3 3296
3 13122
1 19904
2 589
1 13032
1 24980
3 20774
