2496 166
2 29134
3 19057
2 30407
3 15222
2 20306
1 29633
2 2441
2 19674
1 31433
2 29603
1 18614
3 22915
1 895
1 16580
3 13668
1 26682
3 2933
3 6694
3 31644
2 8793
3 3037
3 28573
2 7901
3 25680
3 27041
1 6738
2 30361
1 7714
1 23005
3 25923
3 31414
1 997
1 5728
2 26049
3 24590
2 3653
1 25135
2 9201
3 1264
1 19201
2 24066
2 4940
1 11677
2 32108
3 11461
2 23327
1 4300
2 3821
3 26648
1 28427
3 13350
2 20352
1 25807
3 30598
1 6346
1 1587
3 18291
3 2648
3 14282
3 20906
1 26815
1 13087
3 20141
3 22683
2 2596
3 19404
1 31723
2 19026
3 23109
3 9508
2 11124
3 12079
2 18812
1 32576
1 21289
1 2339
1 11859
2 21005
3 32609
3 17463
3 14860
2 26060
1 12134
1 30469
1 15642
3 15250
3 501
3 29501
1 15269
1 17866
3 12737
2 9761
2 21002
2 28847
1 25073
3 18697
1 26969
3 31442
3 15005
1 25056
1 15317
1 7578
3 21845
1 5028
3 10615
3 1471
2 31131
2 16106
2 23659
3 7117
3 10596
2 29272
1 15762
1 7336
1 32154
3 11050
3 14590
2 514
2 21149
3 26030
2 21113
3 15078
3 17597
1 32199
1 2559
1 13361
1 31938
3 24430
3 4159
1 12564
1 19557
3 1836
2 19230
2 29587
1 6868
2 21153
1 10804
3 13577
2 8497
1 8448
3 19276
2 28322
2 30483
3 17297
1 28392
2 29151
1 28420
2 15918
3 15548
1 20757
1 17154
2 22470
2 22574
3 6126
3 4351
2 31453
2 17628
3 21479
3 10080
3 26122
3 6934
2 27857
2 8577
1 11383
2 3168
2 19792
3 21551
1 1637
2 14321
3 23390
2 2605
2 29094
2 20279
2 16585
1 4272
3 8737
3 2640
2 945
2 5091
3 16977
1 27794
2 28428
3 19300
1 966
3 22789
2 19233
2 30405
2 32674
2 30435
2 26128
2 10764
1 26397
2 26143
1 27721
2 27187
3 1026
3 17371
3 4368
2 6569
2 2352
3 32496
3 1791
3 13518
3 13082
3 31850
2 18564
3 24187
3 14408
2 3082
3 12383
2 15480
2 2515
1 11458
3 25125
2 9220
2 25581
1 8508
1 704
2 5713
2 11862
2 21588
2 16620
2 3333
1 11496
3 3481
3 11708
3 5818
1 12
3 30160
3 25875
3 17279
3 30019
2 27504
3 1579
2 24917
1 10142
2 10023
1 31762
3 2226
1 28742
1 12372
2 5672
3 30978
3 9973
3 8587
2 28834
3 17697
1 12923
3 15637
1 11530
1 20450
2 26938
2 20845
1 31420
2 6283
1 16810
3 28100
1 28522
1 22359
1 21206
3 26237
1 12185
1 27122
3 9436
2 10674
2 26403
1 4096
2 20849
1 25517
1 4531
3 30615
3 29787
1 29552
3 4940
3 6593
3 27638
3 12078
2 8386
3 26363
3 27056
3 30927
3 30782
2 17336
1 21133
2 8816
1 27071
2 21727
2 28579
1 8928
2 12180
1 7240
2 28318
3 6693
2 5859
3 25923
1 12861
2 9717
3 30757
1 273
2 29396
3 1597
1 32679
2 21353
3 11976
2 4509
3 17931
3 12021
3 27414
1 31210
3 14533
3 466
2 17357
3 24746
3 21151
1 21012
3 19599
3 15260
1 9269
2 2623
1 16659
1 2350
2 11385
1 5583
2 1446
3 21765
3 304
2 19889
3 30630
3 3193
1 18291
3 13512
1 3589
1 8981
2 31791
3 1129
1 18892
3 1819
2 3238
3 2270
1 30358
3 26111
3 16108
1 19943
3 15120
3 16615
3 27242
2 6965
2 31104
1 20785
3 94
2 16621
2 59
2 15597
3 25689
3 13355
2 2605
1 7006
1 5312
3 31612
2 3925
2 18814
2 9036
1 27491
1 25926
1 3703
3 32138
1 13013
1 12200
3 4139
3 1372
3 14269
2 8372
2 6061
2 31093
2 17273
1 2492
2 9669
3 11745
2 32603
2 15264
1 22384
1 5243
1 16681
3 14170
2 6749
2 5493
1 10141
3 11891
2 12657
3 14291
2 1765
2 21388
2 2372
2 6640
1 9508
1 31446
3 23714
1 14840
2 18159
2 2714
1 10508
2 3693
3 3025
3 15282
2 29492
3 28322
3 6856
2 10766
1 23428
1 19267
1 7878
2 13616
2 663
1 14027
2 4913
1 12464
2 15807
3 15883
1 24675
1 25785
2 7037
3 4266
1 18475
3 24202
2 14348
3 31136
3 8778
2 4342
1 25047
2 10170
3 26870
3 17636
1 3582
2 17945
3 5466
2 22991
3 7381
3 25779
3 19477
2 22087
2 28260
1 12496
2 22967
3 18543
1 18152
1 32142
2 32583
3 30333
2 849
1 7261
3 3775
2 24382
3 7619
3 1412
3 22414
1 2703
2 533
2 20635
2 25365
1 10724
3 12884
3 32014
2 299
3 2245
2 15169
3 2721
2 9369
3 19788
2 30927
1 25062
3 3998
2 2216
2 10918
3 3272
1 20588
1 6045
3 22691
3 16132
2 3498
1 21250
2 1877
2 11947
2 8944
1 4162
2 15489
2 15521
3 3406
1 29147
3 21407
2 27937
1 10181
2 2018
1 8795
1 12342
2 14284
2 16509
1 27926
3 31299
2 18893
3 10344
2 11106
3 11389
1 23973
3 31600
1 7305
2 19820
1 25383
3 1275
2 11270
3 4462
2 1690
2 20606
3 9738
3 13107
1 19767
3 10757
1 15353
2 7234
1 427
1 28335
1 22763
2 23922
2 28827
1 11567
1 17963
3 30578
2 29979
1 5709
2 8123
3 29506
2 21814
3 15714
3 6350
2 19127
1 28265
2 10464
2 4173
1 8443
2 12840
2 13000
3 30035
2 19210
3 29271
1 14641
2 31665
1 10295
3 32210
3 7880
2 8298
3 19109
3 3302
3 6986
3 32311
1 28623
3 32214
1 23564
3 29189
1 18688
3 24919
1 29812
3 3954
3 5083
3 22292
2 7805
3 25940
1 724
2 14891
3 19254
1 4658
2 30133
1 7597
3 836
2 10441
2 539
3 6434
1 5980
3 25736
2 19446
2 25859
2 8393
1 11796
1 11788
3 18238
1 20972
2 28613
2 12918
2 20406
1 5815
2 14887
3 23330
1 25792
1 1330
3 14459
2 14928
2 8103
1 7670
3 30003
2 23317
2 31017
3 23732
2 28281
3 31194
1 17912
3 6319
1 31400
3 3294
1 826
2 13629
3 31953
3 7344
3 29449
3 8779
2 26936
3 27830
3 2292
1 11478
2 6613
2 29609
3 9851
2 8050
1 29395
3 9239
3 10135
2 12999
2 22292
3 1247
3 16176
3 19983
2 27819
1 6585
2 9125
1 6041
1 12641
1 7083
2 2888
3 21833
3 24369
3 404
1 30943
2 7446
2 8395
1 22694
3 22564
3 21899
2 5653
2 27876
1 27206
2 1607
2 10405
2 16808
1 614
2 30844
1 12360
3 23071
3 4635
3 10099
2 26495
1 20939
1 1518
3 263
1 12285
1 17664
2 29150
3 30246
3 10026
1 2407
3 3549
2 23379
1 2723
2 13950
1 594
3 6438
3 27831
3 32278
3 1173
2 11466
1 14571
2 21716
1 17270
2 30847
1 2167
1 27313
1 9142
2 25622
3 18119
3 29562
3 19596
1 19831
3 9723
3 16209
3 1057
1 18718
3 25447
1 9002
1 23573
2 12953
2 23572
1 12622
2 11768
1 3340
2 28990
2 16859
2 26577
2 13230
3 15571
2 19266
1 10395
1 23113
3 5626
1 2760
1 11459
2 23998
3 25994
1 32006
2 2731
3 25726
2 19087
2 9833
3 16170
1 20242
2 3784
1 11187
1 2570
2 30868
3 27435
3 14967
2 6792
1 18228
3 7264
3 16801
3 3032
3 3252
3 18242
1 31212
3 12702
1 14060
2 11617
2 15978
2 13430
3 20551
2 12675
1 13567
3 32365
3 20548
1 11294
2 18150
2 30598
2 15350
1 4063
3 26923
2 4662
3 5764
1 24103
2 13615
1 10216
2 8618
1 27529
3 20776
1 9593
3 28214
3 29773
1 10398
2 1981
1 15500
2 239
3 29935
1 10233
1 11554
3 6817
2 5580
1 22630
2 16645
2 20421
3 14778
3 20661
3 10834
2 2164
3 22161
2 27269
1 27837
3 11002
1 29184
3 11759
1 19982
1 4183
3 14855
3 11771
3 5791
3 18623
2 28028
1 13607
2 8672
3 12315
3 5255
2 16871
1 16083
1 21126
2 2342
3 21280
2 24719
3 8401
3 20394
1 1196
2 7873
2 29952
1 16183
3 31705
3 1575
3 26314
1 31304
2 9194
2 14612
1 28701
1 14121
2 14997
2 24559
3 24984
2 22651
3 11395
1 27059
1 9999
2 21939
1 16851
1 7280
1 23562
1 29595
1 6807
3 30153
1 12358
3 19664
2 31573
3 23412
3 7219
2 10819
2 27015
1 7101
3 25972
3 11192
3 6171
2 15875
1 29538
3 16458
1 9204
2 9017
2 29578
3 28388
2 8296
1 30311
1 20010
3 28361
3 29632
1 27943
3 27320
3 4110
2 955
2 22568
3 17499
3 29723
1 12812
2 942
3 20079
2 5678
2 10455
2 26640
3 10502
2 9175
1 30519
2 10808
3 9570
3 9596
1 32187
3 27687
3 6779
2 30423
2 10980
2 28014
3 2431
3 3955
2 1961
3 31670
3 4685
2 6963
3 5107
2 13113
1 14330
2 25292
3 29473
3 3911
1 30029
1 1094
2 26758
1 19138
2 8514
2 31614
2 9190
3 4258
1 9098
3 31398
2 24060
2 31858
2 30984
3 4804
3 17655
2 27345
2 2134
1 11311
1 14585
3 6642
3 17983
3 20246
1 22678
2 6685
2 10818
1 15352
3 23899
3 3627
2 29461
1 21549
1 18501
3 15373
2 15136
2 21083
1 24133
2 27974
2 23806
3 21250
1 29890
3 8045
1 10239
1 11505
1 3607
3 1196
3 25768
2 6606
1 17937
1 21571
1 10546
1 11923
2 3699
2 27398
2 32263
3 9227
3 15218
3 15322
2 21064
2 28505
3 24632
2 4156
1 16458
1 10865
1 31589
2 6331
2 8724
2 19613
3 29577
2 19833
2 30179
3 13049
3 25516
1 7854
2 4774
1 30967
3 14279
3 29989
2 11394
3 8412
2 6472
2 700
3 10575
1 3137
3 11154
1 25320
1 17689
3 17556
3 6266
1 2863
3 1696
3 5012
3 27851
3 2989
2 984
3 27608
2 17603
2 8080
1 30314
3 8521
3 18579
2 3483
1 8241
2 29091
3 30947
2 22695
3 32702
2 23800
2 19276
3 16413
2 21716
2 20013
2 5852
1 4221
1 29933
2 4987
2 20630
3 17370
3 28595
1 9968
1 6128
2 29276
1 904
3 18155
2 4947
3 4797
3 25087
1 24227
2 7325
3 2764
3 17504
3 16033
3 15778
2 4077
1 20520
2 9537
3 31911
3 22423
3 19335
2 5941
2 30950
1 6100
2 8672
3 2050
3 22286
2 22469
3 14412
3 21121
3 32192
2 4123
1 4632
2 351
3 8722
1 7071
1 17730
2 26525
1 9232
2 30636
3 16128
3 2321
2 15158
1 21679
2 22585
1 21220
2 29431
3 30382
3 14857
2 9234
2 30521
3 26046
3 4673
2 9709
3 12502
1 28299
1 6117
3 29849
1 12829
1 29396
2 24493
1 6033
2 29519
3 2540
1 133
1 18977
1 24354
3 28986
2 2061
3 5099
1 12098
3 19642
2 16153
1 12642
2 6347
1 14202
3 15922
2 19538
2 18640
1 9246
3 21011
2 1110
2 12503
2 3420
2 12333
2 18272
2 9051
1 30337
3 31524
1 31284
2 16457
3 15338
2 5967
3 28909
1 12675
2 13195
3 20284
2 14199
3 14176
3 7532
1 18473
1 10771
3 1321
1 25639
1 18060
1 24023
2 28062
2 11628
3 17037
2 22827
3 24431
2 14973
1 19590
2 7245
2 12739
2 6322
2 16778
2 31182
1 16565
3 8694
2 20443
2 16146
1 22994
3 19783
1 19314
2 11476
2 30876
3 20282
2 21115
1 16288
3 21258
2 2677
3 16855
3 18519
2 13830
2 20532
2 31128
1 21679
1 12782
1 28869
1 29064
2 26544
1 5907
1 7179
3 7587
3 568
1 16957
3 4607
3 8856
3 31607
2 14628
2 9002
3 23116
2 10612
1 5880
1 300
2 10327
3 22918
3 18651
3 24376
3 7813
2 6364
2 6754
3 25238
1 29014
3 19702
1 4632
2 25376
1 15486
1 7210
3 7675
1 31685
3 5990
1 9760
1 4092
3 27401
1 31145
1 3158
2 27267
1 17283
2 28567
3 19100
1 31977
3 27741
2 7862
2 24473
3 20476
3 29144
1 6717
2 17732
1 25215
2 9670
2 1943
1 14700
1 13735
3 4110
1 4838
2 22065
2 10655
2 12075
3 13181
3 31368
3 10757
3 2221
1 16484
1 699
3 10859
3 2486
3 21720
1 20711
2 29399
3 14206
1 1224
3 9596
2 15427
1 12240
2 24921
1 18368
2 7453
3 31115
1 19812
2 32333
1 17864
1 9506
1 8691
1 22414
1 3354
3 15645
2 8903
2 16966
3 19676
1 1685
2 17109
1 30218
3 3661
3 4540
3 14531
1 11201
3 1695
3 6738
3 25456
1 9771
1 25464
3 14385
2 32362
3 2647
1 26482
1 24514
3 9846
3 2092
1 22172
1 12934
3 11788
2 21217
1 13047
2 8078
1 16856
3 27012
1 18681
1 21507
2 23865
2 12151
2 3086
1 31647
3 3782
3 21742
3 17170
3 20786
2 3268
3 3955
2 1240
3 32542
3 6577
2 8803
2 1190
2 20443
2 14525
1 14190
2 11958
3 11892
3 12876
1 1818
2 5303
2 30471
2 26741
3 20800
3 10826
3 5961
2 31622
2 9614
1 20870
2 32513
3 15997
2 31747
2 14197
1 24712
2 31632
3 7542
2 148
2 16719
3 2214
2 23568
2 17750
3 23129
3 11228
2 7117
1 24225
1 18620
3 20482
1 11008
3 592
1 3620
3 2331
2 27340
1 12208
3 24912
2 26848
3 18347
3 27651
1 20116
2 9021
1 490
3 20224
3 10325
3 722
1 17963
2 24401
2 18320
2 11636
1 5602
3 16147
1 7252
1 14506
3 32728
3 10330
3 3651
2 3632
3 10411
2 14762
1 11540
2 8311
1 9036
3 4735
1 12564
3 28451
1 6528
2 16326
3 19361
2 23436
3 17505
2 30817
3 18349
3 19774
1 13530
1 10663
2 31297
2 9849
1 27693
1 21474
2 760
3 2225
1 17520
2 14032
1 23679
3 26894
3 10508
3 20002
3 15644
3 29933
1 7997
3 7680
3 18212
2 18014
2 7829
2 20355
1 2435
3 26789
1 14713
1 7481
3 20536
1 11449
3 5538
2 4005
3 17622
2 19912
1 13469
2 2492
3 24325
1 26032
2 3147
2 9577
3 9470
1 12679
2 28514
3 24586
3 15379
3 9748
2 17898
1 5872
1 18724
3 21588
3 5569
2 21475
1 8491
2 7670
1 23320
1 27036
3 18865
3 14816
3 12532
3 24650
2 18775
2 2216
2 18862
3 12813
3 18510
3 14619
3 14195
2 22398
2 223
1 15545
3 1220
1 9253
3 32740
2 3126
2 7415
2 29441
2 13645
2 15355
2 1204
1 8964
1 21660
3 24740
3 25209
3 25492
1 1385
2 17280
3 22295
2 20747
2 25567
3 26388
1 9779
3 24887
1 20797
2 23447
1 11973
3 8155
2 5206
2 25463
3 13212
3 15149
3 18961
2 26579
3 29657
3 24662
1 9705
2 15615
1 4975
1 26613
1 622
2 14084
1 21417
3 21148
1 16835
2 3613
3 7076
3 5457
1 32287
3 4922
1 20689
2 13839
3 2636
3 13441
1 32629
3 14402
1 16938
1 20936
1 21288
1 22863
2 11052
3 24861
2 24409
1 7433
3 25818
3 25406
2 14280
1 10813
3 26958
2 10273
1 22795
3 30503
3 7607
2 25453
3 24842
2 17914
2 13017
3 4351
2 6019
2 29020
2 21899
2 10598
1 18054
2 2280
1 12088
1 9832
3 25338
1 15787
3 13918
1 22395
3 1302
1 7847
2 20242
2 1612
1 12521
1 9555
1 15226
1 27451
2 28371
3 4632
1 23634
2 29148
3 13321
2 6358
1 16743
2 19832
1 6933
2 23901
1 2591
1 23947
1 27732
1 16373
2 5615
3 25156
3 30327
1 31190
3 1251
1 263
1 14082
3 2480
3 2074
2 6382
3 21200
2 28709
3 583
1 26436
1 24204
3 15434
2 30770
1 31753
1 30521
1 26665
1 20789
1 32369
2 10923
2 1346
2 26559
2 16740
2 12300
1 14598
1 27092
3 10239
2 28761
2 2394
3 2442
2 23058
2 24290
3 31002
1 32142
1 18592
2 8654
1 29843
2 20893
3 611
2 2708
3 3592
3 1804
3 22597
3 24195
3 2606
3 1345
3 20968
1 28474
2 15536
2 23095
2 29214
3 817
3 13483
1 19197
2 19314
2 3631
1 14643
1 13368
1 25757
1 14801
1 5581
3 15005
3 27922
2 15881
3 14067
2 19320
1 16755
2 2461
3 5779
3 27943
2 16409
1 15012
3 30864
2 24479
1 28048
2 26380
3 30527
3 3303
3 26904
3 13591
3 24555
2 18840
2 12581
2 17369
1 24402
3 25955
2 14304
2 25532
3 32294
3 2955
1 18341
1 7932
3 28045
3 29542
2 14211
3 4652
3 9121
1 24801
1 28606
1 5295
3 18416
2 29945
3 15952
1 12607
2 28669
3 20034
3 31588
2 28265
3 11198
3 31076
3 32217
1 26383
1 25116
1 12697
2 24518
2 13029
3 32118
2 28976
3 4848
2 7925
3 26654
1 21005
3 17749
2 13851
3 22746
1 15911
1 5541
3 6537
1 28516
1 28681
1 6083
3 10564
1 8427
2 17234
2 10568
1 31909
2 29840
2 21812
1 5633
2 10969
2 4074
2 29944
2 3180
1 25442
2 4994
1 25721
1 25151
2 22164
2 18263
2 26789
2 10465
3 28185
2 5979
2 10751
1 4591
1 21869
1 24564
3 25887
2 9144
2 21090
3 2685
3 27440
1 15809
2 28061
3 31171
3 29298
2 27970
2 27415
2 18056
2 14006
2 4519
1 4765
3 19459
3 27108
3 20752
2 18512
1 1117
2 29816
3 23762
1 29990
3 13622
1 1536
1 1523
1 16232
3 27678
1 30112
3 8626
2 4914
3 19228
3 29327
2 15869
2 31478
2 9515
2 1175
2 9721
2 18425
2 27320
1 23705
1 13949
1 2772
3 26149
2 29958
2 663
1 23540
1 18505
1 615
3 18438
3 29722
1 1262
3 13270
2 13246
3 5340
2 32593
2 17283
3 30311
2 16674
3 1702
1 22320
1 10462
2 17834
2 8849
2 12469
2 179
2 4485
3 12206
2 11901
3 21673
3 24216
2 19466
1 7175
2 28985
3 10780
1 5031
2 21094
3 15632
1 32030
1 11517
3 10433
3 11660
1 1279
2 9587
1 13524
3 2883
3 31733
1 7658
2 23405
3 1660
2 24968
3 18227
2 12528
2 7092
1 790
3 11923
2 10707
3 18458
2 21584
3 23110
1 6947
2 3603
1 6074
2 13817
3 2813
2 18871
1 22319
2 20303
1 20757
3 21842
2 11355
2 25181
3 1843
1 32228
2 22847
2 13870
1 18865
1 18337
3 12465
3 18752
1 18431
1 626
3 20185
3 19973
3 9503
1 11890
2 8629
2 30563
1 10281
3 12402
3 16789
3 5428
1 15559
3 22134
1 6560
2 198
3 17338
3 11318
1 24653
1 22876
3 13140
2 8093
2 24555
2 4268
3 2044
1 30029
1 3866
1 18271
3 1197
1 3353
2 31056
2 31124
3 17271
1 30345
2 30549
1 31581
3 5629
1 21850
3 14279
3 17728
1 13813
2 5628
2 6038
3 4279
3 17835
3 29202
1 19081
2 17584
2 8318
2 17654
2 21431
2 12814
2 31585
3 12338
3 19983
2 8231
3 21852
2 4103
2 1233
1 10564
2 14345
1 16362
1 23570
3 26404
3 18455
3 12034
1 2364
1 28537
2 9674
2 17580
1 7052
1 8297
2 7545
2 5367
1 21650
1 15631
2 10254
2 25896
2 20661
2 23032
3 15242
1 55
3 32684
2 6566
3 27518
2 23376
1 27910
1 14607
3 22931
3 2643
1 22691
1 27679
1 30211
2 1108
1 7992
2 2610
2 4126
3 14364
2 29391
3 2715
3 14022
2 28838
3 25413
3 20769
3 26867
1 2467
2 14026
2 19068
1 5680
3 29687
1 4708
1 22748
1 28444
1 2617
3 29293
2 4194
3 1514
3 13623
3 29456
1 17317
2 16098
3 24688
2 26832
2 24623
1 4317
1 16024
2 18689
1 6909
3 5580
2 24087
1 25165
2 27907
3 27442
3 3466
3 25904
1 24485
3 25254
1 4160
2 15485
2 10559
3 594
2 8895
1 13783
1 6558
3 21878
2 20285
2 31288
1 22148
2 3302
2 4647
3 22126
2 26664
1 28551
2 20126
2 21400
3 5556
1 6870
1 4852
2 8109
3 4550
2 4962
3 11571
1 17910
1 30447
1 9549
3 3991
3 14224
2 5175
2 5327
2 1295
1 9195
2 2455
1 7859
1 13760
3 8525
2 13437
2 18648
2 31618
3 9551
1 27723
1 688
1 1633
3 19806
2 3801
3 5572
3 20765
1 30524
2 23791
2 26159
2 26026
3 10621
3 9931
2 799
2 29105
1 19467
2 18593
2 1879
1 11021
1 12450
3 30486
3 18864
2 1103
1 27476
2 23492
1 23955
1 12603
1 31494
2 441
3 25472
2 31560
2 16881
1 4600
1 10634
3 26148
3 20002
2 24566
1 7129
2 9261
1 29179
3 17950
3 1319
2 23289
2 11440
2 21070
1 8003
1 14288
3 25290
2 16984
1 29585
1 21549
1 26279
3 20610
2 2952
1 27200
2 20728
1 20486
3 28978
2 22894
2 10562
3 6547
3 32688
1 31440
1 24158
2 18378
2 947
1 17840
2 3833
3 17345
1 11268
2 17423
1 8725
1 8579
2 18942
2 22306
2 12166
2 19598
1 25102
2 19408
3 14453
1 1108
1 3130
1 16181
3 12256
2 10428
2 9367
3 21283
1 21272
1 22174
3 19409
3 12956
2 21058
1 21577
2 14247
2 26200
2 18647
3 19969
2 21356
3 31045
2 1572
1 25209
3 12423
1 27906
1 9674
1 32606
2 18164
3 32356
1 30783
1 3532
2 1473
2 14833
3 15179
1 28374
2 13202
2 24679
2 8844
3 18434
1 7965
2 6966
2 12275
1 8139
1 8111
2 258
2 23621
3 18973
1 26021
2 27170
2 3995
1 9437
1 6899
1 5412
3 27106
1 9311
3 21409
3 6983
2 23387
3 12269
3 20041
2 13566
3 3356
3 20038
1 1179
1 20084
2 6541
2 8733
3 3033
3 27651
2 5356
1 13974
1 17755
1 24251
1 26057
1 7117
2 24332
1 18657
1 28043
2 21327
1 9194
2 29294
1 234
3 3230
3 7306
3 28044
3 12403
2 12721
1 32658
3 2844
3 24839
1 17266
1 29246
1 7987
1 13403
3 1598
3 6364
2 5528
1 16761
2 32361
2 30543
3 22087
3 7486
1 15543
3 8592
2 31217
2 13019
1 31460
1 15400
2 20090
3 27732
3 2077
3 19639
2 11130
3 11012
3 1413
2 23152
2 5821
1 4119
3 29361
3 24219
3 14531
3 5390
1 2604
3 1298
2 8512
1 29758
2 28147
1 15556
3 23453
1 24913
2 9210
2 6197
2 21365
3 4548
2 25254
1 32252
2 2329
3 5480
3 11601
2 10563
2 5644
1 32481
2 16585
2 31307
2 392
2 23594
2 20433
2 5862
3 25847
3 32526
3 3998
1 23291
3 24699
3 5552
1 5211
3 6405
1 24423
1 4869
2 32166
2 10900
1 11459
3 26453
1 29457
2 20682
2 22476
1 2237
3 28834
3 25823
3 26737
1 19376
1 25427
3 22686
2 25560
2 2929
3 5522
1 1766
1 8407
2 8858
3 27586
3 21546
3 27771
3 13209
2 28856
3 7922
3 32388
3 16686
3 12864
1 87
2 15847
2 5870
1 28054
1 23691
1 21835
1 451
1 3052
1 17230
2 6028
2 22633
2 28395
1 8314
3 13371
1 21491
3 3370
2 15480
1 15388
3 14404
2 24248
1 3273
1 30119
3 19606
1 6552
3 21630
3 392
1 9207
2 15936
2 5312
3 20255
1 13767
2 29721
3 19785
1 24832
2 17979
1 13826
3 3305
3 24948
1 7901
1 20174
2 20994
1 1782
1 5897
1 9665
1 15116
1 18615
1 27761
3 23318
3 1810
3 25370
3 27546
2 13436
2 26162
3 11320
2 26718
2 22932
2 6689
1 14430
3 1640
2 24693
2 26278
1 20107
3 20923
2 10792
1 21018
1 11506
2 10027
1 3885
3 13806
2 7550
3 27874
3 23540
2 7973
2 23112
3 6876
1 7524
3 32469
1 16931
2 4971
2 15704
3 10922
1 23825
1 19380
2 28445
3 11619
2 12491
3 17456
3 27637
3 26452
3 25917
3 20781
3 32663
1 32482
2 14600
2 13130
3 25773
3 8458
1 17918
2 32766
3 29012
3 4571
2 5545
2 23058
3 5023
1 3319
2 1476
3 31266
2 7701
1 30229
1 31937
1 1824
1 25647
2 22914
3 28225
1 16081
3 9947
1 15516
2 12191
2 28238
1 20731
3 15957
3 7270
3 14980
1 998
1 1974
2 2774
2 14517
2 29670
3 3162
3 4195
2 22261
1 5305
1 6894
1 5686
3 5293
1 5648
3 15800
3 15786
2 2843
2 12307
1 27405
1 5327
2 17872
1 16347
3 1497
3 6891
1 27441
2 13302
2 11803
3 5364
1 13559
1 18663
2 24934
1 12824
2 14511
3 5539
1 27490
3 53
3 59
3 26645
3 9800
1 12385
3 29262
1 29083
2 2922
1 11108
2 2804
1 17286
1 5032
1 30264
1 25608
3 7070
2 26620
3 26256
3 3516
3 156
3 25071
1 10062
1 14101
1 11950
3 23586
3 3339
1 9835
3 21495
1 21190
2 14995
2 493
1 7437
3 21540
3 5478
2 26652
2 4473
2 16662
2 2617
2 22603
1 16442
1 23948
3 8563
2 27430
1 15426
3 12552
2 25520
3 23336
1 26871
1 14114
2 3649
3 23842
1 5811
1 24581
2 6058
2 18619
3 28484
1 24816
3 1059
1 4331
3 12909
2 21686
1 2583
3 3199
3 16996
2 11326
1 1704
2 3736
3 82
3 28419
1 16937
3 20268
3 30934
2 19350
1 1187
1 9091
1 24706
2 30743
2 31313
2 1723
1 24668
2 25280
