2516 31888
1 9673
1 9850
2 12843
3 11102
3 20570
1 30607
1 8166
1 31921
2 8741
1 24185
2 27934
3 23732
2 1445
3 7819
1 9416
1 17157
1 27754
2 23245
3 20270
3 12086
2 12183
1 31356
3 31341
3 30029
1 16482
3 23943
1 4853
1 23108
2 10391
2 24852
2 3084
3 137
3 23317
2 13305
1 22604
1 9343
1 21583
2 31555
3 12832
1 10491
1 2764
1 18098
1 13387
2 29640
2 12200
3 21819
2 16994
1 6692
3 16145
2 10629
3 16716
2 23873
1 24779
1 28268
1 8137
1 30405
1 6316
1 11137
2 12008
3 13643
2 18209
3 18824
1 19088
3 26847
1 31143
2 26361
2 20984
1 8069
3 2899
2 31872
3 28718
2 12723
3 5450
2 20861
3 13460
2 7890
1 12106
2 16516
2 31582
2 14785
1 31
3 19422
3 9750
1 9554
1 7726
2 518
1 9241
3 8396
1 16366
1 12844
1 19223
2 9319
1 15466
3 28854
2 32662
1 19923
1 23489
1 27578
3 11631
2 7345
3 30630
3 3974
3 4176
2 32536
3 27616
2 31512
2 19512
2 11793
2 22218
1 17574
1 22014
1 23068
1 10708
3 3608
2 11211
1 10153
3 2561
2 27016
3 23963
1 31647
1 103
1 3529
1 26048
3 6105
1 31411
2 23261
2 20832
3 1956
2 7074
3 11901
3 14578
2 23618
1 23432
3 2197
1 2244
1 14698
1 30925
2 32710
3 6520
2 12741
2 14443
1 1506
3 6274
2 29555
2 30321
2 31859
2 16555
1 17540
2 1667
3 6452
2 25233
3 20352
1 25688
2 6807
3 15653
2 16352
2 13370
1 19517
1 9772
1 11922
3 5002
1 23425
1 703
3 24184
1 14650
2 31726
3 4044
2 18665
2 26193
3 23492
3 31378
3 31279
2 9834
1 26743
3 18728
1 15880
3 24629
1 25392
2 4855
3 7205
2 13812
2 17738
1 2363
1 9390
2 13824
1 29909
3 20358
1 3260
2 23362
1 18711
3 9277
2 6877
3 23994
1 24326
1 22809
3 25492
1 21243
2 15824
3 7079
3 21974
3 7852
1 19283
3 3528
3 6030
3 13065
2 4261
3 11826
2 12825
1 8544
2 20109
3 4333
2 3787
3 31381
3 25096
3 26583
3 17257
1 32670
1 30918
2 23329
3 11949
1 8712
1 5546
2 12752
3 25797
3 21616
1 25933
2 19005
1 27604
3 11019
1 25211
1 25237
2 18544
1 19487
3 19124
1 12633
1 23074
2 12423
2 25261
1 19935
2 2025
2 13362
1 2765
3 26831
3 15543
3 30373
1 9136
2 21671
3 13297
2 2933
1 17063
2 24120
3 5620
1 31437
3 13878
3 29991
3 25739
2 4590
1 23189
3 9324
2 14202
1 938
3 15919
3 23254
1 18679
3 22760
2 5670
1 902
1 21035
2 12580
3 717
3 28271
1 14261
1 21228
2 9261
3 2268
3 1575
2 3172
3 32385
1 26090
1 16007
1 25538
1 11962
3 5898
2 29392
3 6098
2 28411
1 21633
1 12910
1 28787
3 27422
1 30183
2 18117
2 24345
3 25901
1 15019
3 16299
1 28489
1 10729
3 25229
3 20457
1 1824
2 21831
2 5667
1 31167
2 30669
1 26350
1 8021
1 2909
2 24082
2 9915
2 29153
2 27498
1 21191
1 22846
2 983
3 13697
2 27478
2 17466
3 30238
3 9902
1 2624
1 808
1 3309
1 23030
2 32663
2 11188
2 30803
2 21709
1 31106
1 16958
3 27824
3 25501
1 17596
3 32346
2 2873
3 17990
1 23829
1 24401
2 6776
3 11416
1 19951
2 4255
1 3786
1 730
2 25283
1 7795
2 25312
2 3655
3 10138
1 31282
1 16446
1 22924
3 14740
3 20211
1 30655
2 29003
2 26468
2 9732
1 18958
1 28827
1 8657
2 23396
1 46
1 23942
1 15415
2 25159
1 21491
2 21898
2 32004
1 22933
1 10375
2 2584
1 32316
3 28779
2 4839
2 3352
3 24054
2 6809
2 12899
2 28003
2 16092
3 5411
1 22818
1 9031
3 6319
1 15040
1 1179
2 19718
1 22720
1 10333
3 9757
3 15192
3 21112
1 12699
1 15175
2 19940
3 32721
3 9549
3 13969
3 8139
3 4571
1 25083
2 14274
2 1054
2 20792
2 14945
2 5239
1 21091
2 20128
2 10737
2 12450
2 788
2 25438
3 22861
3 9993
2 7199
3 465
1 29390
1 16835
2 28007
1 21996
2 18176
2 17086
1 7489
3 13750
3 16675
1 31804
1 1272
3 25035
3 11180
2 14673
3 23882
3 5593
1 17601
3 30311
2 15081
2 26915
1 8897
2 27066
1 23291
2 32514
2 26810
2 23517
1 16282
3 1887
3 19185
3 20531
2 7252
1 3898
1 25437
1 32118
3 4780
3 8487
1 22060
2 5683
3 16023
2 13771
2 17981
2 24908
2 4865
2 29795
3 6564
3 8821
1 1606
1 17214
3 3625
1 21176
2 3769
2 10302
1 7625
2 10481
1 28448
3 31067
2 13108
3 29266
3 21301
1 23839
2 11853
2 15072
2 15399
2 6955
3 14510
3 17908
2 15639
2 15537
2 27169
1 22203
2 1947
2 31992
1 15655
2 18615
2 18495
3 2523
3 21365
1 30780
2 21247
1 5194
1 2674
3 31476
3 8142
1 12488
2 24507
2 10331
3 5906
1 2027
1 9631
1 29251
1 11814
3 22239
3 1955
1 3409
3 21462
2 16355
3 24319
2 27006
1 11495
2 27338
1 22303
1 31383
2 8332
1 30076
2 25124
1 20669
2 13554
2 13426
3 32096
2 230
1 15285
3 17214
2 17885
3 23899
2 20073
2 25857
3 23766
1 32312
2 6930
1 13554
1 7228
2 6639
3 171
3 9950
3 6963
2 11717
1 31651
1 22434
1 658
3 30291
3 25180
2 11699
2 12647
3 14342
2 29099
2 18839
3 12657
3 22431
1 10586
2 18025
2 31652
1 17076
3 30889
2 19033
1 3240
3 10285
3 15048
3 26409
1 18778
2 200
1 863
2 19121
3 13130
1 26518
1 15111
1 16220
1 27963
1 17020
2 3022
3 31913
1 4007
1 15027
3 7606
2 18347
1 19768
1 1352
1 9014
2 25481
2 26447
3 31644
2 13752
1 20991
3 29313
2 997
1 538
1 25563
1 27413
1 18859
1 17709
3 6528
2 6536
3 17996
1 6201
3 21351
3 18185
1 6521
2 3447
3 21145
3 16893
3 12726
2 7317
1 2358
1 12924
1 17630
3 24374
2 15090
3 16082
3 6301
1 7535
1 28050
1 32767
3 6900
1 10827
2 10612
3 17976
3 19129
3 4168
1 2564
1 11619
3 28692
1 3544
3 7751
1 415
2 9475
3 25057
1 6484
3 29625
3 11734
1 26685
3 21206
1 7608
3 8628
3 1594
2 6027
1 22355
1 25364
2 26395
2 18888
2 23157
3 26693
3 2197
3 20979
1 14272
2 21479
1 5971
2 24328
3 6919
1 23920
2 7027
1 30485
3 24531
1 2472
3 29959
3 22461
3 30175
2 13101
2 10389
2 9912
2 5531
1 25327
3 31639
2 29266
3 17581
3 30901
3 24828
1 488
1 10859
2 9110
3 13733
3 30318
2 13410
2 10881
2 19689
2 15083
3 2770
2 1206
3 19729
1 17659
1 21808
2 16970
3 23516
3 9548
2 20131
2 17575
3 6908
1 26658
2 10888
2 18186
3 29847
2 17876
1 18670
3 14083
2 14280
1 9037
2 15130
3 23801
1 1307
2 25227
1 6148
1 21667
1 2836
1 803
2 8408
3 21904
2 4777
3 4795
2 13686
3 19360
1 23492
2 28046
3 6386
2 16264
2 18882
1 20204
1 1557
2 3922
3 24566
2 12727
2 5082
1 30427
3 3622
3 231
3 27122
3 26707
2 19725
1 6151
1 17729
2 13504
2 2776
3 5046
1 19550
1 1148
2 26537
3 29223
3 13335
2 8114
1 16919
2 929
3 13291
3 1765
2 5036
3 11008
2 19086
2 23401
2 7525
3 28210
2 21096
1 6120
2 25653
3 22203
2 26134
3 6366
1 32131
2 8753
1 5352
1 29982
2 11176
1 17088
1 26465
3 9803
2 19058
3 12200
3 13242
2 351
3 2979
1 1466
3 16991
2 32552
3 882
1 30687
1 17009
2 21701
2 1289
3 3985
3 3650
3 23597
2 20229
3 15711
2 16349
1 19625
1 2042
1 14702
2 5499
3 17237
2 2797
3 13299
2 9742
3 7076
2 983
3 21945
2 26042
3 6105
1 23593
3 4257
1 31319
1 22926
2 30530
3 16413
1 24561
1 10800
2 16122
3 6580
3 23880
3 4993
1 27
1 28033
2 18512
2 18453
2 5859
3 14004
1 6834
1 23510
1 27524
2 31760
1 22089
1 19584
3 16036
3 107
2 14758
3 23077
2 17885
1 17201
2 17549
3 12202
2 6205
3 20705
3 3189
1 23368
3 27335
3 25487
2 24844
1 5900
3 7408
1 21344
2 16561
1 24920
1 5411
1 22289
1 7416
3 25952
1 27966
1 5232
3 28457
1 13229
3 28435
2 225
3 7361
3 19101
2 24808
3 4571
2 11247
2 28385
1 8695
1 15721
1 18457
3 21502
2 5870
1 19113
3 5717
2 5325
2 26224
3 29264
1 23024
1 31739
1 1427
2 20260
1 26858
1 7306
2 5216
3 7808
1 28792
2 14926
2 2646
1 20692
2 2433
1 624
1 13031
3 27170
3 7458
3 5102
1 31225
3 12930
3 6442
1 22553
2 2151
3 13983
1 29854
2 11030
1 12413
1 6200
1 1078
1 21598
1 10879
2 11936
2 7901
1 20286
3 8483
1 30527
3 4661
2 25431
2 3602
1 22030
2 26386
3 3359
2 26220
2 9758
1 30202
2 13918
3 5953
3 6674
2 19372
3 16050
1 21016
2 27809
1 23957
2 21516
2 10603
3 24853
3 3676
1 6961
1 32041
1 5070
2 600
2 10298
1 14131
1 6848
3 17428
3 18196
1 22496
2 30193
3 14546
1 5120
1 21114
1 20476
1 25861
1 25620
3 14782
1 3728
2 213
2 32184
2 15455
1 13041
1 23711
3 8490
3 29060
1 2678
1 5490
3 24826
1 30022
3 12042
1 6548
1 19087
2 21810
1 22444
2 31995
3 24225
3 19661
1 30959
1 7636
2 22973
1 21003
2 13690
1 6399
2 19652
3 29143
3 7816
2 3729
1 1387
2 31886
1 17513
2 13905
3 18108
2 644
3 5888
3 17467
2 20884
3 8317
3 5699
2 7425
1 15652
1 7221
3 21182
2 23172
2 8048
2 20697
3 15889
1 8287
2 1491
3 27532
3 19309
2 16477
2 15737
2 30691
3 24602
2 12030
1 27619
3 15465
3 5108
2 18422
1 30566
3 26395
3 16874
2 25262
3 16300
1 2541
2 26750
1 14017
3 9778
3 26436
1 23111
3 4224
2 26313
3 3706
3 15986
3 21871
3 16405
2 18525
3 24893
1 22725
3 27665
1 21423
1 21626
3 32752
3 26760
2 29096
2 24594
1 14094
3 3997
3 17008
3 17023
2 13685
3 69
1 29094
1 16721
1 4652
1 22216
3 13019
3 2475
2 10352
2 13635
1 3607
3 24771
3 19505
1 7209
1 31827
1 9317
1 20114
1 4797
3 21502
2 7024
1 21100
2 8089
3 1401
3 5719
3 28875
3 4395
2 10138
3 24481
3 11631
1 5683
3 21548
1 31850
2 15181
1 9798
1 21613
2 15584
2 4364
2 14926
2 7567
1 7367
3 19848
2 21767
2 7480
2 29685
1 27731
2 23428
3 22018
2 30423
2 18990
3 15784
1 19452
2 1770
2 31124
1 28333
3 16679
3 21315
3 26416
3 11681
2 16890
1 18695
3 20066
1 7652
3 478
2 21492
3 32190
2 12203
2 1970
2 28374
2 27533
2 22656
3 10824
1 1042
2 6730
3 7103
1 23782
2 7711
1 19750
3 25370
1 19399
3 26632
1 3204
2 10006
1 18584
3 32236
2 31358
2 26509
2 1787
3 3454
1 30558
3 29738
3 10503
3 18053
1 5670
2 1264
2 7109
2 7005
1 24841
3 8883
3 17332
2 20852
1 28143
2 24477
1 31047
3 25037
2 17141
3 24490
3 21858
2 10624
1 2794
1 12588
3 19936
3 27193
1 6611
3 30024
2 8720
3 6837
1 16744
1 22647
1 5940
1 1864
3 30102
2 23303
2 1281
1 16986
1 16635
2 27031
1 12833
2 25829
1 2412
2 17822
3 180
2 7928
2 9330
3 15845
2 27338
2 6199
1 15305
2 14088
3 20203
1 8281
1 480
3 1017
3 3215
3 12201
2 13916
1 3709
3 28838
2 14213
2 31380
2 20397
1 29202
1 17122
2 30230
1 6262
1 15912
1 26310
1 19233
3 10778
3 5427
1 716
2 23337
3 7853
2 30448
1 20900
3 23383
2 8600
1 7955
3 18832
2 14598
1 30745
3 20929
2 19689
3 20039
1 22977
3 30739
1 10904
2 26205
1 6389
1 3226
1 28317
3 4674
3 7022
1 22485
2 651
3 19744
2 8889
1 31933
1 7689
1 28889
1 25784
1 21817
1 1875
2 31359
1 29726
2 7850
2 9143
1 7901
1 30967
3 30305
1 22553
3 12012
1 14622
2 9764
1 14703
2 19551
1 28869
1 16557
2 3398
3 28184
3 31473
3 3626
3 6715
1 13488
3 18938
3 18622
3 18563
2 3827
2 12303
3 10494
3 4708
1 11873
2 30641
2 17013
1 17593
3 19375
2 19507
3 12321
2 3953
1 15172
1 29249
2 4340
3 26129
3 20924
2 20566
3 21588
2 12334
2 6248
1 18243
3 22171
2 18931
3 20940
2 23215
1 19864
1 21665
1 20000
2 10642
1 1292
3 22282
2 4048
2 14009
1 27437
2 11797
1 16379
3 325
3 27943
2 19774
3 29432
3 27948
1 9110
3 20243
3 15564
3 31670
1 20237
2 21944
2 5557
3 21505
1 9362
1 15203
3 3747
3 7037
1 27167
3 4832
3 21945
1 7793
1 25379
3 30735
3 2769
2 18549
1 3327
2 12385
2 25589
1 27894
3 11146
3 7006
3 8679
3 24501
1 9613
2 29474
3 21658
1 23879
1 12615
1 23772
2 28598
1 17302
3 20715
1 18766
2 12056
2 6751
1 7965
2 9552
2 19279
2 27571
1 27512
3 23116
3 32288
2 27766
3 9995
3 7875
3 22275
2 29923
1 8408
3 5831
1 24484
3 18693
1 4691
3 17535
2 4195
2 12608
1 31721
2 18598
2 5333
2 25286
3 20854
2 29452
2 24641
3 14370
2 30414
1 8979
2 4643
3 14769
1 3125
2 30772
2 10924
1 30243
2 2791
3 21112
2 3904
1 11007
3 12689
3 8959
3 24311
3 15644
2 16597
2 3196
3 5916
3 297
3 1994
3 21430
3 1969
1 21542
2 16506
2 8201
1 6121
3 1000
2 15459
1 3043
2 23213
3 1945
2 24822
1 1352
1 29464
3 2101
3 29723
3 32335
3 18682
1 14607
3 14506
1 28066
3 3417
1 74
1 23284
2 7938
2 3819
3 28513
1 11576
1 21440
3 24222
2 2975
3 13358
2 13125
3 17424
1 26279
2 896
2 2955
1 535
1 1773
1 27212
3 24994
3 27450
3 8251
1 28580
1 21036
3 17974
2 7214
3 7949
3 16865
3 634
3 29366
2 9475
1 24076
1 15531
2 21145
3 15220
2 27916
2 4897
1 6640
1 26176
3 28372
2 19048
2 7849
3 32704
2 3435
1 16832
3 18180
3 5436
2 23917
1 14238
3 29206
1 4979
2 28296
2 24105
3 12361
1 17174
2 11263
2 16317
2 19417
3 5453
3 3371
2 29547
2 8536
3 16433
2 5621
1 8567
2 18475
1 11089
2 10077
3 22488
3 2827
3 11310
3 8183
1 11964
2 12422
3 4798
3 19560
1 15618
1 4987
3 1516
1 10221
1 23742
2 2978
2 12310
3 27861
2 16313
3 9729
2 15246
3 29954
2 21486
3 11639
3 7963
2 27244
3 30733
3 822
1 14965
3 18333
2 32764
1 18241
2 17099
1 10294
1 2385
1 20722
3 32576
3 26985
3 8153
2 30582
2 21866
1 6781
1 12821
3 10831
1 9682
2 15693
1 21943
1 22993
3 30840
2 22217
1 23594
1 12197
1 31052
3 20340
3 14087
1 5961
1 17589
1 9188
2 11425
1 5774
1 1037
2 25925
1 23674
2 30233
1 23075
3 2518
3 5067
2 14819
1 8120
2 3434
2 29184
1 27065
2 28675
2 25065
1 23865
1 10685
2 1326
2 12236
2 18122
2 8931
3 25814
3 26277
2 16316
3 15220
3 23694
3 7573
2 23882
1 8078
2 20061
3 17363
2 28005
3 6562
1 19771
1 8492
3 31537
1 15093
1 2456
3 9853
2 9094
3 21536
1 3542
2 3643
3 14703
3 15760
3 19146
2 19692
3 15022
2 28679
3 29758
3 20907
1 5174
1 27928
2 11634
3 5800
2 14000
3 30639
2 1430
1 421
3 31479
1 7303
2 17490
2 5242
1 22171
2 2738
3 1598
2 28050
3 24674
2 15380
1 10602
3 6252
3 9410
1 28136
2 2520
3 11803
1 19048
2 26938
2 3581
1 17862
3 1717
1 7019
1 836
1 13609
2 25147
3 32433
2 19083
1 8466
2 19780
1 21140
1 21667
3 24036
3 1100
2 9330
3 28372
2 8216
3 17538
2 10236
3 24407
3 31927
2 20555
1 24503
1 20954
2 14817
1 17343
3 5499
3 5120
1 28490
1 14634
2 8951
2 8670
1 30392
3 15756
2 2604
3 639
1 11398
1 5402
1 24045
3 29793
2 35
3 20411
1 31333
2 27125
3 21651
1 11659
2 3473
2 22051
2 12525
1 21339
1 28610
2 18628
2 16604
3 20270
1 19484
2 23335
1 9502
2 27838
2 6426
2 27789
3 5128
2 23030
1 24840
3 11948
2 18944
2 7029
3 23175
2 559
3 18946
2 20753
2 20748
2 9012
2 28188
3 19026
2 23905
3 9677
2 18417
2 27379
3 28195
3 17024
1 20793
1 24420
2 8259
1 29383
2 27712
1 8523
3 26501
3 23953
2 13411
3 19454
2 1796
1 5055
2 7830
1 16650
2 22955
3 7335
3 27104
2 7344
3 27325
1 21141
2 24541
3 31330
2 24143
1 3909
1 25915
3 2379
2 10697
3 10346
1 23102
3 28868
3 7273
2 15402
2 19261
1 1247
1 14271
1 19871
3 28963
1 19168
1 22577
3 12632
1 494
2 19903
3 11641
1 18902
3 20787
3 17064
1 802
2 5136
3 16536
1 32123
2 22799
1 1007
2 88
2 13645
2 19445
3 12499
3 8131
1 6372
1 19932
3 21004
3 28091
3 13119
2 11937
3 2913
1 10552
1 8204
3 29814
1 2445
1 453
3 4143
3 1121
3 28349
2 26625
1 7746
2 6841
1 3859
1 11807
1 29455
2 5037
2 32038
1 30822
3 14872
1 956
1 26239
2 32178
1 26128
1 8254
1 16414
1 6129
3 17759
3 30681
1 17139
3 9383
2 26274
1 31501
2 14438
1 13674
2 19753
3 21673
1 5839
2 4198
3 30071
2 4691
3 28158
1 219
1 10693
2 7429
3 9141
2 30618
2 9856
1 394
2 41
1 31628
2 3782
3 2309
1 2693
2 27179
1 12525
1 8554
2 13670
1 2055
2 6908
3 5635
3 23392
2 24898
2 32559
1 6124
2 2935
3 31252
1 26744
1 5783
3 9639
1 20295
3 16121
2 26697
2 18269
1 9916
1 7306
2 17051
3 2044
1 12261
2 28985
3 763
2 1369
1 29769
1 30661
2 18216
3 16447
2 6147
1 31267
2 21945
1 18668
2 27203
3 26105
3 22167
2 15250
1 17868
2 12582
2 23422
1 3286
3 16756
1 3640
2 14464
1 9812
1 12455
2 28915
3 11394
3 21274
2 29668
2 25297
2 22974
1 31784
3 6463
3 10108
2 3647
2 13559
2 19677
1 12630
2 23655
2 6127
3 6523
2 26098
3 876
1 29423
3 30951
3 12952
3 10199
1 17353
3 13445
1 28869
3 23556
2 1219
3 5580
1 6825
3 30885
3 18711
2 26311
2 20391
3 17727
1 10611
1 17044
3 10456
1 28843
2 122
3 13800
1 23944
3 22934
3 30530
2 12169
3 14264
3 9985
3 25044
3 16594
2 22682
2 12482
3 27567
1 11827
2 19736
2 14338
2 5189
3 20398
2 29262
2 28605
2 31612
3 16731
1 10763
1 21829
1 32302
1 25573
1 24404
2 22718
3 8874
2 11531
2 23265
1 21923
2 21809
1 18464
2 26526
3 23360
3 29818
1 1676
3 18219
1 17719
3 11822
1 8264
1 30300
2 9212
1 11116
2 17509
1 16826
2 30040
2 3398
2 31110
1 10752
2 11497
1 14659
2 20066
2 6303
1 3232
2 30171
3 23107
1 25658
1 19777
1 22270
3 3465
2 9515
2 5863
1 31373
3 21032
2 23036
3 18814
3 5343
3 31782
3 23535
2 5447
2 19774
1 2590
3 9079
1 25432
3 27239
3 13759
1 23740
1 3609
2 20237
1 21581
3 19483
3 27080
1 18007
1 1823
1 676
2 7414
3 8285
1 15392
1 25242
3 18696
2 7855
1 32335
3 29686
1 694
3 12495
3 5695
3 2276
2 6799
1 178
1 31383
1 12869
3 13683
2 20290
2 4242
2 1067
2 13592
1 8415
3 15488
2 10848
3 28806
3 14809
2 16964
1 19680
1 15515
3 27384
2 30164
2 17498
1 17543
3 11765
1 15292
3 7859
2 12881
3 4606
3 22940
2 29571
2 10064
1 30773
3 5797
3 2197
2 1203
2 8241
3 11295
2 18027
1 1018
2 1148
1 1510
1 31929
2 8059
2 1812
3 21225
3 30437
3 19166
3 28139
2 26026
2 24717
3 31649
1 12134
3 25792
3 31233
3 404
1 3809
1 19288
1 7365
1 12126
3 2346
2 14768
1 4112
3 21238
2 4353
1 5530
2 11600
2 32299
1 7071
1 31487
1 21667
3 7965
2 32044
2 31833
2 12639
2 26817
2 5446
1 13112
3 20108
1 2913
1 19329
1 8383
2 31588
3 15642
3 23522
3 24100
1 32730
3 4700
3 29539
3 7475
2 8464
1 9837
1 7283
3 30923
2 30175
2 5095
1 31602
2 5471
3 2899
3 15669
3 23353
1 4470
1 22829
2 25882
3 2448
3 17964
2 1631
1 5931
3 950
3 22447
2 32147
3 24655
2 29405
3 5571
3 20901
1 22342
3 30891
1 11326
3 29220
1 29983
2 19386
2 9101
3 12245
1 15809
1 9241
2 12589
1 4400
1 14435
2 30665
1 22579
3 30432
1 14355
2 1856
3 22981
3 4167
1 29747
1 14826
3 30110
2 8184
1 28919
2 19107
3 31373
2 4156
1 14313
1 17470
3 9974
1 22414
3 24678
3 19969
1 22864
2 11551
2 26654
3 18471
2 4262
2 3411
2 23447
3 14428
2 15639
3 3649
1 20138
3 1605
2 24662
1 1078
2 9477
3 2037
3 32298
2 30259
1 10919
1 24185
2 23791
1 25195
1 31847
2 8781
2 5651
1 21190
2 16494
2 24548
2 30361
3 16737
1 11960
2 25637
2 12186
3 19723
3 27032
1 22760
3 22207
3 15818
2 9777
1 12669
1 14024
2 22868
2 9469
3 26405
2 28680
2 1942
1 31305
3 1431
1 26855
1 18224
2 9911
1 1917
3 3679
1 29175
2 32699
2 756
3 25727
1 20850
3 26654
2 9744
2 26347
3 861
2 22654
2 853
1 14682
1 11817
2 14285
1 11839
1 10263
3 1402
1 974
3 10171
1 30848
1 7848
2 18843
3 6828
2 2442
1 5438
1 28193
3 26727
2 17467
2 32638
1 18081
3 1335
1 23598
1 13020
2 305
1 9433
1 24595
3 22654
3 23866
3 14081
3 6700
3 20930
3 13304
1 13267
2 16594
1 27832
2 20733
1 14443
1 30446
3 26788
2 6830
2 29526
1 7296
2 19069
1 2756
2 24855
3 28443
3 368
3 30412
3 22691
2 31334
1 23390
3 10407
2 26597
1 22685
3 18778
3 18187
1 59
1 17166
3 29740
2 3584
2 29431
3 29341
1 8401
3 22372
3 15839
2 20544
1 25848
2 29544
3 10157
1 30084
3 11142
2 20753
2 11407
2 32006
1 2323
1 30392
1 15016
1 8955
2 24683
2 19082
1 16013
3 13737
2 22287
2 11016
3 32713
1 21995
2 6577
3 22408
3 19802
1 1968
2 28859
2 10418
2 31282
2 4733
2 9417
1 6404
1 10679
3 12775
3 13098
1 7503
2 27715
3 5657
2 21090
2 19768
1 11173
3 13396
3 18091
2 23479
1 26526
3 26474
3 1648
1 24475
3 16996
1 24642
1 11985
1 27653
2 23843
2 26200
1 18466
1 30952
3 1143
2 26682
1 23147
1 7055
2 11507
2 23564
1 20970
3 3863
2 16285
2 28676
1 13196
2 3313
2 13935
2 2798
3 8568
1 30050
2 2264
3 7338
3 12164
2 18434
2 26681
3 16041
2 1981
2 27712
2 19561
1 9331
1 24292
3 18908
2 20529
2 23588
1 14572
3 12652
2 24016
3 24299
2 32125
1 5336
1 11128
2 29066
1 23668
3 4062
2 2000
1 21721
3 608
2 16526
2 30320
1 17986
3 7430
3 28623
1 7272
3 20550
2 12254
3 2520
2 31929
2 27383
1 14484
3 26296
3 1242
2 27772
1 9097
1 25295
3 26933
1 18832
2 4175
3 18259
1 20903
2 9731
3 26160
3 716
2 22019
2 13623
1 14503
2 12695
2 19088
2 27301
2 31717
3 30311
1 23687
3 31318
3 2382
2 8895
1 32406
2 10602
2 29690
3 12154
2 9567
3 28308
3 11573
2 1347
1 21497
2 25243
1 30974
2 5405
2 30830
2 219
1 12939
2 16605
1 6203
1 14274
2 24772
2 5034
1 19668
1 18772
1 6852
3 19076
2 4125
2 31656
1 15452
3 11450
3 22770
3 6504
3 27279
1 13427
2 1952
2 16981
3 26647
3 1830
2 8810
2 3008
3 14814
1 15906
3 25093
3 28946
3 7045
2 32519
3 3612
2 5189
1 17377
1 25674
1 10701
1 20073
2 31097
1 13749
2 28713
2 4128
2 30474
1 28900
1 8376
1 4642
2 8195
3 8649
2 7155
1 21946
1 1290
2 2858
1 20424
2 30023
3 14453
1 7966
2 29722
1 17596
1 29393
3 18323
1 5950
3 16928
3 1886
1 32459
2 31359
2 22031
1 10384
2 14298
2 16027
3 25655
2 31888
1 5930
2 24644
2 11227
2 441
1 31479
1 1184
1 30804
2 17180
2 21460
2 5577
2 8587
1 23805
3 19748
2 12110
2 23680
2 20820
3 17825
2 23216
2 23495
2 11340
1 6104
3 7141
1 16389
1 30919
2 12971
3 19928
2 22647
3 1240
2 462
1 20199
2 13164
2 30280
2 9803
2 32100
