991
677 672
591 196
240 64
386 639
910 898
822 205
214 546
112 323
174 42
514 915
224 704
890 456
508 160
480 366
56 636
668 524
401 676
663 884
986 584
748 895
352 488
750 392
735 776
448 588
304 214
224 524
522 744
280 674
712 903
506 971
449 835
10 768
444 754
532 416
464 640
751 894
850 830
704 156
57 116
713 84
191 836
472 232
424 803
476 487
512 714
868 728
372 79
190 520
556 294
904 968
896 660
380 294
585 192
82 851
880 58
230 299
116 376
296 144
903 824
352 229
310 206
304 672
48 577
409 57
853 463
567 952
124 978
684 922
648 996
816 952
600 358
771 272
489 888
447 192
496 389
187 468
326 808
469 955
60 30
552 927
926 456
530 780
402 320
797 117
912 864
848 534
784 306
334 208
236 554
865 706
638 232
411 300
391 86
826 240
460 880
664 126
384 545
493 224
954 130
538 330
919 530
282 808
856 932
196 405
544 647
700 278
575 296
144 720
542 156
226 904
155 500
706 648
150 974
128 918
656 560
642 141
731 165
977 660
512 34
766 34
530 314
896 338
203 506
452 688
218 124
123 304
272 952
805 827
685 275
750 104
686 17
388 14
168 709
482 780
112 348
308 640
463 836
930 458
94 504
379 296
372 646
864 528
372 81
827 232
288 207
534 592
528 652
278 808
357 192
972 917
568 272
12 830
51 208
828 638
632 661
908 388
488 184
667 688
31 174
544 738
257 640
566 216
986 534
720 696
869 764
604 521
578 440
673 282
520 320
73 822
696 182
572 944
392 52
644 104
666 412
347 306
866 160
474 672
138 998
161 129
828 377
8 21
14 707
776 430
653 784
144 49
136 355
856 752
135 598
604 772
88 670
958 417
798 499
168 402
208 466
70 146
600 466
920 366
504 208
496 902
848 224
31 611
660 762
388 688
668 46
440 808
568 866
728 991
635 516
792 272
771 87
245 544
928 1000
904 700
480 22
526 559
447 466
812 674
634 931
860 799
624 456
842 850
827 306
72 418
304 752
522 124
655 122
350 572
878 943
48 767
912 48
254 139
819 784
4 371
842 805
922 880
216 996
750 680
706 504
389 36
448 674
912 584
171 56
700 40
657 91
392 572
248 200
574 988
454 194
362 661
866 287
228 386
454 820
76 45
986 638
702 676
238 160
49 200
1000 334
49 596
346 674
24 812
627 895
94 950
814 49
638 760
607 570
643 140
998 508
586 210
680 877
603 954
282 15
764 520
656 456
762 592
143 286
813 140
774 289
92 55
626 770
192 160
363 414
164 252
164 931
152 948
729 769
796 254
272 656
969 821
622 476
386 374
198 800
580 642
656 388
938 712
972 334
879 860
297 383
511 222
74 128
815 954
294 496
107 216
952 974
22 968
246 873
88 518
620 664
239 144
571 328
568 240
841 863
16 473
620 351
177 91
506 12
597 713
268 933
941 950
539 696
164 440
779 788
809 740
351 262
650 968
654 730
444 573
183 912
873 578
862 430
881 148
498 881
816 832
880 682
838 333
876 428
444 728
988 525
918 588
770 409
967 802
4 146
212 604
972 184
90 502
208 251
926 643
218 1000
982 72
775 692
976 738
362 288
27 428
477 400
568 866
985 840
402 342
452 92
232 731
880 919
700 416
911 524
477 822
841 426
965 887
425 416
116 184
404 404
872 796
407 836
912 236
178 704
126 280
779 592
434 476
32 808
352 296
754 165
570 672
500 447
396 824
312 182
724 164
944 247
698 434
688 536
4 138
456 708
828 294
495 763
40 64
600 136
664 814
148 84
66 208
366 384
528 954
591 952
920 782
497 96
68 393
958 740
868 904
112 904
635 483
234 11
984 96
56 939
569 438
837 831
650 578
215 72
460 304
760 779
444 95
490 672
680 914
898 288
898 700
124 612
344 344
89 320
76 52
384 295
744 960
312 72
323 1000
968 392
4 585
144 215
802 227
590 394
140 200
92 138
658 746
808 293
864 556
660 868
540 126
24 48
574 364
458 203
816 92
750 60
456 375
529 472
392 796
158 51
552 597
398 624
513 734
63 639
328 280
438 408
484 730
1000 396
828 560
396 277
135 388
474 592
122 411
556 933
57 841
436 722
343 296
936 720
130 23
526 219
858 256
752 641
733 968
681 596
262 876
765 720
24 76
400 70
400 6
223 595
548 298
868 448
136 168
558 465
770 888
887 100
418 208
292 792
890 296
536 790
419 186
264 795
84 730
636 599
788 588
752 804
3 260
728 851
710 584
174 410
224 813
2 642
356 419
344 954
224 45
257 608
73 418
960 492
40 704
6 853
96 472
238 456
64 214
16 400
144 1000
408 957
680 400
964 207
702 866
285 418
627 838
172 179
810 503
338 131
150 300
468 78
747 156
891 432
106 922
360 674
66 976
922 176
376 528
627 712
894 936
170 648
818 126
526 345
834 514
248 82
168 488
920 233
610 355
461 207
746 63
72 3
80 584
540 636
520 854
848 903
115 228
274 310
160 403
816 792
542 512
124 322
869 884
822 428
653 944
184 783
316 203
140 395
890 495
16 748
127 696
474 340
732 954
396 888
981 514
932 738
346 626
348 155
415 206
200 432
662 280
506 988
351 128
918 162
603 272
784 259
678 114
766 815
108 43
204 219
674 425
578 300
271 669
432 112
296 816
656 638
272 581
639 811
106 633
268 536
924 908
626 955
560 24
296 736
355 213
552 388
436 518
172 302
388 488
864 632
988 288
477 382
513 568
680 401
136 18
931 925
260 887
260 608
120 554
666 176
916 683
70 732
841 954
542 962
610 510
136 194
168 685
344 896
614 908
184 328
622 683
538 432
684 860
608 164
206 160
522 393
56 384
896 910
183 418
90 143
570 568
17 3
426 229
670 468
788 51
281 788
360 584
436 113
602 704
544 414
302 584
686 608
448 290
364 560
637 782
460 580
936 212
400 964
906 609
705 992
925 188
390 60
954 400
524 646
240 457
704 622
377 566
60 379
984 567
264 704
529 279
574 543
272 327
52 270
268 195
233 479
352 703
255 802
152 858
900 229
304 151
898 508
892 208
161 487
616 788
208 352
528 818
600 960
230 172
470 200
652 934
928 814
456 488
178 737
46 900
226 472
984 657
66 748
486 108
939 974
604 568
542 651
972 239
736 974
132 844
528 745
558 383
16 498
28 976
296 38
794 864
598 386
672 712
904 772
832 296
996 582
507 997
310 204
868 927
694 407
673 768
844 948
922 624
320 608
436 138
807 548
908 115
562 48
349 196
561 820
380 188
224 475
963 98
96 200
638 500
920 680
272 242
748 285
498 949
56 568
208 307
574 964
728 488
58 222
351 544
131 983
992 949
128 155
252 212
788 996
443 36
636 903
488 856
931 624
92 518
616 134
788 413
632 17
22 18
405 566
37 936
8 632
137 686
209 287
408 798
948 514
726 664
756 380
426 208
688 230
530 609
314 594
568 575
86 264
868 391
704 550
388 320
300 580
16 796
673 686
384 609
266 818
464 760
544 350
690 720
79 600
696 744
118 170
581 168
696 14
835 364
40 71
356 208
920 577
436 524
316 228
84 32
568 35
728 920
464 483
552 392
174 172
114 488
440 219
88 590
240 728
508 624
351 608
672 16
1000 158
260 64
566 880
754 446
469 977
240 379
578 702
882 899
947 326
874 94
44 756
784 592
602 520
197 464
136 940
724 628
368 453
412 344
904 959
872 759
378 776
181 47
774 715
752 197
26 505
850 856
888 571
700 468
258 134
948 573
427 670
691 403
70 264
649 240
810 74
357 512
136 228
781 304
296 480
805 552
128 989
244 119
456 240
482 417
250 858
832 792
822 740
809 402
216 254
425 374
796 56
954 246
705 537
172 649
690 447
566 354
409 43
130 612
267 930
293 797
465 953
576 394
930 386
128 165
957 868
322 31
288 322
552 249
243 164
620 499
112 71
502 314
572 522
54 672
622 40
272 604
963 601
627 289
668 292
864 664
520 284
772 876
906 864
894 464
50 132
840 748
632 776
72 304
93 902
896 828
256 566
272 920
319 128
279 268
472 372
20 48
618 152
532 162
246 596
598 272
217 88
800 359
969 506
1000 306
707 360
972 142
928 760
86 404
784 172
310 371
340 444
742 276
973 989
838 504
527 238
56 713
780 681
948 909
922 554
888 641
382 474
653 723
520 244
400 464
896 86
448 936
786 92
18 632
394 935
446 229
351 644
556 928
877 50
95 267
482 134
854 568
19 956
576 446
808 475
488 452
440 920
680 840
631 661
448 830
150 722
155 831
600 112
998 431
323 1
910 540
869 73
72 528
845 88
564 816
958 840
625 216
408 597
376 832
23 29
743 990
176 616
150 680
231 848
336 614
228 836
639 150
730 112
401 962
321 194
26 362
308 344
764 348
358 513
580 6
792 545
877 524
25 111
628 608
261 174
498 272
622 239
879 656
488 296
440 704
67 388
244 112
637 544
882 153
444 44
