966
1 1
566 1
898 2
71 1
600 2
259 1
861 2
404 1
48 2
736 1
603 2
537 1
117 2
894 1
619 2
212 1
969 2
592 1
259 2
805 1
433 2
533 1
676 2
262 1
187 2
362 1
337 2
589 1
982 2
86 1
338 2
65 1
657 2
451 1
983 2
303 1
814 2
856 1
986 2
252 1
637 2
189 1
340 2
661 1
327 2
566 1
626 2
486 1
982 2
970 1
289 2
461 1
19 2
728 1
486 2
842 1
657 2
783 1
576 2
371 1
188 2
73 1
183 2
987 1
856 2
540 1
570 2
487 1
358 2
521 1
846 2
484 1
540 2
239 1
540 2
595 1
147 2
708 1
591 2
545 1
105 2
12 1
71 2
472 1
771 2
542 1
67 2
803 1
355 2
325 1
736 2
826 1
875 2
458 1
279 2
143 1
500 2
32 1
861 2
476 1
177 2
361 1
919 2
867 1
804 2
279 1
79 2
111 1
66 2
859 1
634 2
341 1
966 2
100 1
596 2
47 1
284 2
407 1
356 2
275 1
872 2
352 1
742 2
452 1
336 2
937 1
228 2
213 1
123 2
534 1
921 2
824 1
56 2
714 1
617 2
293 1
669 2
757 1
990 2
254 1
6 2
941 1
188 2
728 1
853 2
914 1
447 2
266 1
856 2
660 1
945 2
765 1
246 2
308 1
358 2
496 1
961 2
625 1
313 2
607 1
197 2
136 1
767 2
30 1
58 2
833 1
369 2
59 1
2 2
365 1
670 2
106 1
105 2
83 1
716 2
577 1
181 2
233 1
16 2
178 1
289 2
169 1
160 2
372 1
218 2
139 1
415 2
414 1
613 2
540 1
563 2
138 1
913 2
948 1
361 2
73 1
376 2
788 1
860 2
414 1
319 2
703 1
260 2
282 1
670 2
968 1
865 2
853 1
202 2
918 1
110 2
450 1
903 2
1000 1
35 2
573 1
90 2
115 1
413 2
373 1
995 2
341 1
609 2
212 1
413 2
385 1
7 2
303 1
622 2
469 1
171 2
761 1
848 2
421 1
878 2
873 1
573 2
107 1
262 2
346 1
918 2
602 1
309 2
478 1
982 2
941 1
350 2
201 1
849 2
427 1
471 2
24 1
61 2
707 1
807 2
971 1
828 2
82 1
114 2
949 1
965 2
322 1
79 2
701 1
269 2
876 1
159 2
505 1
171 2
340 1
906 2
880 1
640 2
565 1
367 2
977 1
563 2
497 1
346 2
880 1
682 2
29 1
533 2
856 1
766 2
387 1
788 2
554 1
58 2
776 1
798 2
110 1
493 2
203 1
173 2
620 1
680 2
299 1
430 2
992 1
855 2
737 1
559 2
720 1
741 2
385 1
983 2
368 1
578 2
67 1
800 2
105 1
658 2
555 1
646 2
511 1
809 2
284 1
586 2
151 1
422 2
429 1
926 2
437 1
596 2
841 1
179 2
980 1
377 2
802 1
618 2
232 1
978 2
881 1
796 2
788 1
603 2
363 1
915 2
546 1
287 2
156 1
722 2
111 1
657 2
745 1
124 2
792 1
961 2
508 1
840 2
263 1
982 2
332 1
791 2
758 1
60 2
680 1
677 2
51 1
140 2
4 1
858 2
388 1
526 2
198 1
184 2
828 1
688 2
908 1
909 2
125 1
624 2
502 1
861 2
955 1
608 2
426 1
380 2
60 1
423 2
421 1
513 2
1 1
314 2
548 1
242 2
547 1
310 2
677 1
339 2
198 1
686 2
727 1
750 2
37 1
600 2
263 1
488 2
386 1
39 2
771 1
222 2
9 1
970 2
538 1
130 2
10 1
850 2
807 1
412 2
459 1
176 2
290 1
668 2
256 1
328 2
324 1
371 2
441 1
705 2
55 1
379 2
559 1
765 2
586 1
561 2
563 1
74 2
326 1
832 2
584 1
359 2
451 1
808 2
910 1
140 2
133 1
514 2
454 1
331 2
636 1
937 2
63 1
291 2
391 1
16 2
422 1
595 2
805 1
283 2
76 1
670 2
626 1
324 2
756 1
560 2
386 1
224 2
850 1
912 2
763 1
683 2
885 1
863 2
433 1
810 2
299 1
181 2
836 1
906 2
485 1
711 2
239 1
531 2
660 1
17 2
641 1
137 2
179 1
606 2
409 1
820 2
793 1
421 2
741 1
256 2
69 1
964 2
753 1
459 2
654 1
131 2
156 1
82 2
378 1
543 2
620 1
751 2
32 1
922 2
415 1
576 2
282 1
341 2
293 1
46 2
474 1
853 2
326 1
483 2
397 1
237 2
278 1
610 2
561 1
793 2
875 1
974 2
249 1
147 2
190 1
388 2
515 1
824 2
46 1
619 2
939 1
140 2
48 1
578 2
180 1
485 2
554 1
869 2
217 1
818 2
860 1
529 2
678 1
850 2
118 1
623 2
869 1
165 2
831 1
384 2
73 1
952 2
151 1
203 2
73 1
969 2
181 1
337 2
365 1
193 2
684 1
64 2
528 1
821 2
611 1
366 2
816 1
228 2
541 1
648 2
275 1
375 2
461 1
998 2
734 1
685 2
881 1
930 2
730 1
745 2
804 1
368 2
62 1
833 2
355 1
531 2
73 1
73 2
345 1
292 2
943 1
577 2
930 1
161 2
55 1
821 2
875 1
127 2
490 1
127 2
58 1
573 2
492 1
774 2
445 1
73 2
23 1
821 2
971 1
727 2
197 1
570 2
509 1
243 2
226 1
449 2
47 1
877 2
683 1
86 2
610 1
59 2
392 1
755 2
215 1
268 2
493 1
642 2
74 1
947 2
464 1
313 2
859 1
476 2
122 1
897 2
570 1
161 2
130 1
695 2
601 1
937 2
295 1
520 2
333 1
235 2
379 1
941 2
190 1
975 2
802 1
889 2
570 1
857 2
344 1
534 2
65 1
877 2
196 1
523 2
631 1
444 2
894 1
335 2
131 1
48 2
473 1
961 2
497 1
964 2
470 1
763 2
487 1
228 2
799 1
30 2
87 1
141 2
954 1
751 2
46 1
719 2
396 1
581 2
678 1
82 2
402 1
116 2
631 1
808 2
622 1
290 2
93 1
684 2
577 1
146 2
507 1
696 2
909 1
727 2
684 1
893 2
185 1
468 2
938 1
258 2
688 1
33 2
1000 1
773 2
654 1
663 2
732 1
838 2
726 1
1000 2
622 1
31 2
653 1
852 2
102 1
872 2
698 1
802 2
454 1
145 2
740 1
163 2
172 1
459 2
441 1
510 2
884 1
593 2
429 1
111 2
884 1
332 2
461 1
458 2
815 1
425 2
592 1
392 2
308 1
758 2
824 1
363 2
664 1
173 2
672 1
665 2
738 1
298 2
847 1
518 2
550 1
26 2
48 1
461 2
365 1
582 2
186 1
580 2
5 1
354 2
778 1
5 2
214 1
473 2
651 1
625 2
114 1
739 2
31 1
26 2
947 1
217 2
35 1
911 2
777 1
372 2
335 1
946 2
505 1
163 2
849 1
521 2
425 1
166 2
735 1
949 2
174 1
999 2
66 1
656 2
38 1
776 2
67 1
553 2
886 1
685 2
688 1
573 2
676 1
857 2
946 1
288 2
597 1
451 2
889 1
788 2
968 1
973 2
59 1
328 2
600 1
776 2
625 1
255 2
222 1
975 2
221 1
60 2
351 1
994 2
415 1
775 2
952 1
992 2
78 1
341 2
41 1
788 2
80 1
384 2
332 1
538 2
99 1
571 2
203 1
284 2
311 1
172 2
977 1
621 2
876 1
439 2
764 1
560 2
513 1
744 2
656 1
877 2
295 1
395 2
73 1
141 2
220 1
663 2
149 1
88 2
183 1
863 2
441 1
495 2
419 1
502 2
997 1
469 2
104 1
61 2
196 1
987 2
752 1
636 2
291 1
477 2
122 1
184 2
724 1
546 2
19 1
54 2
935 1
432 2
430 1
803 2
510 1
220 2
56 1
12 2
134 1
52 2
454 1
123 2
131 1
110 2
429 1
693 2
685 1
192 2
859 1
686 2
726 1
499 2
191 1
188 2
361 1
422 2
677 1
763 2
535 1
205 2
80 1
16 2
997 1
926 2
701 1
275 2
944 1
830 2
280 1
621 2
313 1
436 2
584 1
568 2
882 1
718 2
147 1
148 2
114 1
736 2
721 1
503 2
661 1
66 2
490 1
214 2
116 1
580 2
404 1
80 2
712 1
600 2
133 1
792 2
692 1
805 2
94 1
679 2
193 1
667 2
159 1
954 2
764 1
774 2
329 1
129 2
249 1
187 2
565 1
624 2
24 1
917 2
648 1
846 2
807 1
